12769.0
12782.0
12796.0
12810.0
12824.0
12838.0
12852.0
12866.0
12880.0
12894.0
12908.0
12922.0
12936.0
12950.0
12964.0
12978.0
12992.0
13006.0
13020.0
13034.0
13047.0
13062.0
13076.0
13090.0
13104.0
13118.0
13132.0
13146.0
13160.0
13174.0
13188.0
13202.0
13216.0
13230.0
13244.0
13258.0
13272.0
13286.0
13300.0
13314.0
13328.0
13342.0
13356.0
13370.0
13384.0
13398.0
13412.0
13426.0
13440.0
13454.0
13468.0
13482.0
13496.0
13510.0
13524.0
13538.0
13552.0
13566.0
13580.0
13594.0
13608.0
13622.0
13636.0
13650.0
13664.0
13678.0
13692.0
13706.0
13720.0
13734.0
13748.0
13762.0
13775.0
13790.0
13804.0
13818.0
13832.0
13846.0
13860.0
13874.0
13887.0
13900.0
13915.0
13930.0
13944.0
13958.0
13972.0
13986.0
14000.0
14014.0
14028.0
14042.0
14056.0
14070.0
14084.0
14098.0
14112.0
14126.0
14139.0
14154.0
14168.0
14182.0
14196.0
14210.0
14224.0
14238.0
14252.0
14266.0
14280.0
14294.0
14308.0
14321.0
14336.0
14350.0
14364.0
14378.0
14392.0
14406.0
14420.0
14434.0
14448.0
14462.0
14476.0
14490.0
14504.0
14518.0
14532.0
14546.0
14560.0
14574.0
14588.0
14602.0
14616.0
14630.0
14644.0
14658.0
14672.0
14686.0
14700.0
14714.0
14728.0
14742.0
14756.0
14770.0
14784.0
14798.0
14812.0
14826.0
14840.0
14854.0
14868.0
14882.0
14896.0
14910.0
14924.0
14938.0
14952.0
14966.0
14980.0
14994.0
15008.0
15022.0
15036.0
15049.0
15064.0
15078.0
15092.0
15105.0
15120.0
15134.0
15148.0
15162.0
15176.0
15190.0
15204.0
15218.0
15232.0
15246.0
15260.0
15274.0
15288.0
15302.0
15316.0
15330.0
15344.0
15358.0
15372.0
15386.0
15400.0
15414.0
15428.0
15442.0
15456.0
15470.0
15484.0
15498.0
15512.0
15526.0
15540.0
15554.0
15568.0
15582.0
15595.0
15608.0
15624.0
15638.0
15652.0
15666.0
15679.0
15694.0
15708.0
15722.0
15736.0
15750.0
15764.0
15778.0
15792.0
15806.0
15820.0
15834.0
15848.0
15862.0
15876.0
15890.0
15904.0
15918.0
15932.0
15946.0
15960.0
15974.0
15988.0
16002.0
16016.0
16030.0
16044.0
16058.0
16072.0
16086.0
16100.0
16114.0
16128.0
16142.0
16156.0
16170.0
16184.0
16198.0
16212.0
16226.0
16240.0
16254.0
16267.0
16280.0
16296.0
16310.0
16324.0
16338.0
16351.0
16364.0
16380.0
16394.0
16408.0
16422.0
16436.0
16449.0
16464.0
16478.0
16492.0
16506.0
16520.0
16534.0
16548.0
16562.0
16576.0
16590.0
16604.0
16618.0
16632.0
16646.0
16660.0
16674.0
16688.0
16702.0
16716.0
16730.0
16744.0
16758.0
16772.0
16786.0
16800.0
16814.0
16828.0
16842.0
16856.0
16870.0
16883.0
16896.0
16909.0
16922.0
16939.0
16954.0
16968.0
16982.0
16996.0
17009.0
17022.0
17035.0
17048.0
17066.0
17080.0
17094.0
17108.0
17122.0
17136.0
17150.0
17164.0
17178.0
17192.0
17206.0
17220.0
17234.0
17248.0
17262.0
17276.0
17290.0
17304.0
17318.0
17332.0
17346.0
17360.0
17374.0
17388.0
17402.0
17416.0
17430.0
17444.0
17458.0
17472.0
17486.0
17500.0
17514.0
17528.0
17542.0
17556.0
17570.0
17584.0
17598.0
17612.0
17626.0
17640.0
17654.0
17668.0
17682.0
17696.0
17710.0
17724.0
17738.0
17752.0
17766.0
17780.0
17794.0
17808.0
17822.0
17836.0
17850.0
17864.0
17878.0
17892.0
17906.0
17920.0
17934.0
17948.0
17962.0
17976.0
17990.0
18004.0
18018.0
18032.0
18046.0
18060.0
18074.0
18088.0
18102.0
18116.0
18130.0
18144.0
18157.0
18171.0
18186.0
18200.0
18214.0
18228.0
18242.0
18256.0
18270.0
18284.0
18298.0
18312.0
18326.0
18340.0
18354.0
18368.0
18382.0
18396.0
18410.0
18424.0
18438.0
18452.0
18466.0
18480.0
18494.0
18508.0
18522.0
18536.0
18550.0
18564.0
18578.0
18592.0
18606.0
18620.0
18634.0
18648.0
18662.0
18676.0
18690.0
18703.0
18716.0
18731.0
18745.0
18758.0
18774.0
18788.0
18802.0
18816.0
18830.0
18844.0
18858.0
18872.0
18886.0
18900.0
18914.0
18928.0
18942.0
18956.0
18970.0
18984.0
18998.0
19012.0
19026.0
19040.0
19054.0
19068.0
19082.0
19096.0
19110.0
19124.0
19138.0
19152.0
19166.0
19180.0
19194.0
19208.0
19222.0
19236.0
19250.0
19264.0
19278.0
19292.0
19306.0
19320.0
19334.0
19348.0
19362.0
19376.0
19390.0
19404.0
19418.0
19431.0
19444.0
19460.0
19474.0
19488.0
19502.0
19516.0
19530.0
19544.0
19558.0
19572.0
19586.0
19600.0
19614.0
19628.0
19642.0
19656.0
19670.0
19684.0
19698.0
19712.0
19726.0
19740.0
19754.0
19768.0
19782.0
19796.0
19810.0
19824.0
19838.0
19852.0
19866.0
19880.0
19894.0
19908.0
19922.0
19936.0
19950.0
19964.0
19978.0
19992.0
20006.0
20020.0
20034.0
20048.0
20062.0
20076.0
20090.0
20104.0
20118.0
20132.0
20146.0
20160.0
20174.0
20188.0
20202.0
20216.0
20230.0
20243.0
20256.0
20272.0
20286.0
20300.0
20314.0
20328.0
20342.0
20356.0
20370.0
20384.0
20398.0
20412.0
20426.0
20440.0
20453.0
20466.0
20479.0
20496.0
20510.0
20524.0
20538.0
20552.0
20566.0
20580.0
20594.0
20608.0
20622.0
20636.0
20650.0
20664.0
20678.0
20692.0
20706.0
20719.0
20734.0
20748.0
20762.0
20776.0
20790.0
20804.0
20818.0
20832.0
20846.0
20860.0
20874.0
20888.0
20902.0
20916.0
20930.0
20944.0
20958.0
20972.0
20986.0
21000.0
21014.0
21028.0
21042.0
21056.0
21070.0
21084.0
21098.0
21112.0
21126.0
21140.0
21154.0
21168.0
21182.0
21196.0
21210.0
21224.0
21238.0
21251.0
21266.0
21280.0
21294.0
21308.0
21322.0
21336.0
21350.0
21364.0
21378.0
21392.0
21405.0
21420.0
21434.0
21448.0
21462.0
21476.0
21490.0
21504.0
21518.0
21532.0
21546.0
21559.0
21574.0
21588.0
21602.0
21616.0
21629.0
21642.0
21656.0
21672.0
21686.0
21700.0
21714.0
21727.0
21742.0
21756.0
21770.0
21784.0
21798.0
21812.0
21826.0
21840.0
21854.0
21868.0
21882.0
21896.0
21910.0
21924.0
21938.0
21952.0
21965.0
21980.0
21993.0
22006.0
22021.0
22034.0
22047.0
22060.0
22078.0
22092.0
22106.0
22120.0
22134.0
22148.0
22162.0
22176.0
22190.0
22204.0
22218.0
22232.0
22246.0
22260.0
22274.0
22288.0
22302.0
22316.0
22330.0
22344.0
22358.0
22372.0
22386.0
22400.0
22414.0
22428.0
22442.0
22456.0
22470.0
22484.0
22498.0
22512.0
22526.0
22540.0
22554.0
22568.0
22582.0
22596.0
22610.0
22624.0
22638.0
22652.0
22666.0
22680.0
22694.0
22708.0
22722.0
22736.0
22750.0
22764.0
22778.0
22792.0
22806.0
22820.0
22834.0
22848.0
22862.0
22876.0
22890.0
22904.0
22918.0
22932.0
22946.0
22960.0
22974.0
22988.0
23002.0
23016.0
23030.0
23044.0
23058.0
23072.0
23086.0
23100.0
23114.0
23128.0
23142.0
23156.0
23170.0
23184.0
23198.0
23212.0
23226.0
23240.0
23254.0
23268.0
23281.0
23296.0
23310.0
23324.0
23338.0
23351.0
23366.0
23380.0
23394.0
23408.0
23422.0
23435.0
23448.0
23461.0
23474.0
23487.0
23501.0
23520.0
23534.0
23548.0
23562.0
23576.0
23590.0
23604.0
23618.0
23632.0
23646.0
23660.0
23674.0
23688.0
23702.0
23716.0
23730.0
23744.0
23758.0
23772.0
23786.0
23800.0
23814.0
23828.0
23842.0
23856.0
23870.0
23884.0
23898.0
23912.0
23926.0
23940.0
23954.0
23968.0
23982.0
23996.0
24010.0
24024.0
24038.0
24052.0
24066.0
24080.0
24094.0
24108.0
24122.0
24136.0
24150.0
24164.0
24178.0
24192.0
24206.0
24220.0
24234.0
24248.0
24262.0
24276.0
24290.0
24304.0
24318.0
24332.0
24346.0
24360.0
24374.0
24388.0
24402.0
24416.0
24430.0
24444.0
24458.0
24472.0
24486.0
24500.0
24513.0
24528.0
24542.0
24555.0
24568.0
24582.0
24595.0
24612.0
24626.0
24640.0
24654.0
24667.0
24680.0
24696.0
24710.0
24724.0
24738.0
24752.0
24766.0
24780.0
24794.0
24808.0
24822.0
24836.0
24850.0
24863.0
24876.0
24889.0
24902.0
24915.0
24934.0
24948.0
24962.0
24976.0
24990.0
25004.0
25018.0
25032.0
25046.0
25060.0
25074.0
25088.0
25102.0
25116.0
25130.0
25144.0
25158.0
25172.0
25186.0
25200.0
25214.0
25228.0
25242.0
25256.0
25270.0
25284.0
25298.0
25312.0
25326.0
25340.0
25354.0
25368.0
25382.0
25396.0
25410.0
25424.0
25438.0
25452.0
25466.0
25480.0
25494.0
25508.0
25522.0
25536.0
25550.0
25564.0
25578.0
25592.0
25606.0
25620.0
25634.0
25648.0
25662.0
25676.0
25690.0
25704.0
25718.0
25732.0
25746.0
25760.0
25774.0
25788.0
25802.0
25816.0
25829.0
25842.0
25858.0
25872.0
25886.0
25900.0
25914.0
25927.0
25942.0
25956.0
25970.0
25984.0
25998.0
26012.0
26026.0
26040.0
26054.0
26068.0
26082.0
26096.0
26110.0
26124.0
26138.0
26152.0
26166.0
26180.0
26194.0
26208.0
26222.0
26236.0
26250.0
26264.0
26278.0
26292.0
26306.0
26320.0
26334.0
26348.0
26362.0
26376.0
26390.0
26403.0
26417.0
26431.0
26446.0
26460.0
26474.0
26488.0
26501.0
26516.0
26529.0
26544.0
26558.0
26572.0
26585.0
26599.0
26613.0
26628.0
26641.0
26654.0
26667.0
26684.0
26697.0
26710.0
26723.0
26736.0
26749.0
26764.0
26777.0
26790.0
26810.0
26823.0
26838.0
26851.0
26864.0
26877.0
26890.0
26908.0
26921.0
26934.0
26947.0
26964.0
26978.0
26992.0
27006.0
27019.0
27032.0
27045.0
27062.0
27075.0
27089.0
27103.0
27116.0
27130.0
27146.0
27159.0
27173.0
27188.0
27201.0
27215.0
27230.0
27243.0
27258.0
27271.0
27286.0
27299.0
27314.0
27328.0
27341.0
27355.0
27369.0
27382.0
27395.0
27410.0
27425.0
27440.0
27454.0
27467.0
27481.0
27496.0
27509.0
27524.0
27537.0
27551.0
27566.0
27580.0
27594.0
27608.0
27622.0
27636.0
27649.0
27664.0
27678.0
27691.0
27706.0
27720.0
27733.0
27748.0
27762.0
27776.0
27790.0
27804.0
27818.0
27832.0
27846.0
27860.0
27874.0
27888.0
27902.0
27915.0
27930.0
27944.0
27958.0
27972.0
27985.0
28000.0
28014.0
28028.0
28042.0
28056.0
28069.0
28082.0
28095.0
28108.0
28126.0
28140.0
28154.0
28167.0
28182.0
28196.0
28210.0
28224.0
28238.0
28252.0
28266.0
28280.0
28294.0
28308.0
28322.0
28336.0
28350.0
28364.0
28378.0
28391.0
28404.0
28418.0
28431.0
28448.0
28462.0
28476.0
28490.0
28504.0
28518.0
28532.0
28546.0
28559.0
28574.0
28588.0
28602.0
28616.0
28630.0
28644.0
28658.0
28672.0
28686.0
28700.0
28714.0
28728.0
28742.0
28756.0
28770.0
28784.0
28798.0
28812.0
28826.0
28839.0
28854.0
28868.0
28882.0
28896.0
28910.0
28924.0
28938.0
28952.0
28966.0
28980.0
28994.0
29008.0
29022.0
29036.0
29050.0
29064.0
29078.0
29092.0
29106.0
29120.0
29133.0
29146.0
29162.0
29176.0
29189.0
29202.0
29218.0
29232.0
29246.0
29260.0
29274.0
29288.0
29302.0
29316.0
29329.0
29344.0
29358.0
29371.0
29384.0
29397.0
29410.0
29423.0
29439.0
29456.0
29469.0
29482.0
29497.0
29511.0
29526.0
29539.0
29554.0
29568.0
29581.0
29596.0
29610.0
29624.0
29638.0
29652.0
29665.0
29678.0
29694.0
29707.0
29722.0
29736.0
29749.0
29764.0
29777.0
29792.0
29806.0
29820.0
29834.0
29848.0
29861.0
29876.0
29890.0
29903.0
29917.0
29931.0
29946.0
29960.0
29974.0
29988.0
30002.0
30016.0
30030.0
30044.0
30058.0
30072.0
30086.0
30100.0
30114.0
30128.0
30142.0
30156.0
30170.0
30184.0
30198.0
30212.0
30226.0
30240.0
30254.0
30268.0
30282.0
30296.0
30310.0
30324.0
30338.0
30351.0
30366.0
30380.0
30394.0
30408.0
30422.0
30436.0
30450.0
30464.0
30478.0
30492.0
30506.0
30520.0
30534.0
30548.0
30562.0
30576.0
30590.0
30603.0
30618.0
30632.0
30646.0
30659.0
30674.0
30688.0
30702.0
30716.0
30730.0
30743.0
30757.0
30772.0
30785.0
30800.0
30814.0
30827.0
30840.0
30855.0
30869.0
30882.0
30897.0
30910.0
30926.0
30940.0
30953.0
30966.0
30979.0
30992.0
31005.0
31018.0
31031.0
31052.0
31065.0
31079.0
31092.0
31108.0
31122.0
31136.0
31150.0
31163.0
31176.0
31192.0
31206.0
31220.0
31233.0
31247.0
31262.0
31276.0
31290.0
31304.0
31318.0
31332.0
31346.0
31360.0
31374.0
31388.0
31402.0
31416.0
31430.0
31444.0
31458.0
31472.0
31486.0
31500.0
31514.0
31528.0
31542.0
31556.0
31570.0
31584.0
31598.0
31612.0
31625.0
31639.0
31654.0
31668.0
31682.0
31696.0
31710.0
31724.0
31738.0
31752.0
31766.0
31780.0
31794.0
31808.0
31822.0
31836.0
31850.0
31864.0
31878.0
31892.0
31906.0
31920.0
31934.0
31948.0
31962.0
31975.0
31990.0
32004.0
32018.0
32032.0
32046.0
32060.0
32074.0
32087.0
32102.0
32116.0
32130.0
32143.0
32157.0
32172.0
32186.0
32200.0
32214.0
32227.0
32240.0
32256.0
32269.0
32282.0
32297.0
32312.0
32325.0
32340.0
32354.0
32368.0
32381.0
32394.0
32410.0
32424.0
32438.0
32452.0
32466.0
32480.0
32494.0
32508.0
32522.0
32536.0
32550.0
32564.0
32578.0
32591.0
32605.0
32620.0
32634.0
32648.0
32662.0
32676.0
32690.0
32704.0
32717.0
32730.0
32746.0
32759.0
32774.0
32788.0
32802.0
32816.0
32830.0
32844.0
32858.0
32871.0
32886.0
32900.0
32913.0
32928.0
32942.0
32956.0
32970.0
32984.0
32998.0
33012.0
33026.0
33040.0
33053.0
33068.0
33082.0
33096.0
33110.0
33124.0
33138.0
33152.0
33166.0
33180.0
33194.0
33208.0
33222.0
33236.0
33250.0
33264.0
33278.0
33292.0
33306.0
33320.0
33334.0
33348.0
33362.0
33376.0
33390.0
33404.0
33418.0
33432.0
33446.0
33460.0
33473.0
33487.0
33502.0
33515.0
33528.0
33544.0
33558.0
33572.0
33586.0
33600.0
33614.0
33628.0
33642.0
33656.0
33670.0
33684.0
33698.0
33712.0
33726.0
33740.0
33754.0
33768.0
33781.0
33794.0
33808.0
33824.0
33838.0
33852.0
33865.0
33880.0
33894.0
33907.0
33922.0
33936.0
33950.0
33964.0
33978.0
33992.0
34006.0
34020.0
34034.0
34048.0
34062.0
34076.0
34090.0
34104.0
34118.0
34132.0
34146.0
34160.0
34174.0
34188.0
34202.0
34216.0
34230.0
34244.0
34258.0
34272.0
34286.0
34300.0
34314.0
34328.0
34342.0
34356.0
34370.0
34384.0
34398.0
34412.0
34426.0
34440.0
34454.0
34468.0
34482.0
34496.0
34510.0
34524.0
34538.0
34552.0
34566.0
34580.0
34594.0
34608.0
34622.0
34636.0
34650.0
34664.0
34678.0
34692.0
34706.0
34719.0
34734.0
34748.0
34762.0
34776.0
34789.0
34802.0
34818.0
34832.0
34846.0
34860.0
34874.0
34888.0
34902.0
34916.0
34930.0
34944.0
34958.0
34972.0
34986.0
35000.0
35014.0
35028.0
35042.0
35056.0
35070.0
35084.0
35098.0
35112.0
35126.0
35140.0
35154.0
35168.0
35182.0
35196.0
35210.0
35224.0
35238.0
35252.0
35266.0
35280.0
35294.0
35307.0
35322.0
35336.0
35350.0
35364.0
35378.0
35392.0
35406.0
35420.0
35434.0
35448.0
35462.0
35476.0
35490.0
35504.0
35518.0
35532.0
35546.0
35560.0
35574.0
35588.0
35602.0
35615.0
35630.0
35644.0
35657.0
35672.0
35686.0
35700.0
35713.0
35728.0
35742.0
35756.0
35770.0
35784.0
35798.0
35812.0
35826.0
35840.0
35854.0
35868.0
35882.0
35896.0
35910.0
35924.0
35938.0
35952.0
35966.0
35980.0
35994.0
36008.0
36022.0
36036.0
36050.0
36064.0
36077.0
36091.0
36106.0
36120.0
36134.0
36148.0
36162.0
36176.0
36190.0
36203.0
36218.0
36232.0
36246.0
36260.0
36274.0
36288.0
36302.0
36316.0
36330.0
36344.0
36357.0
36370.0
36383.0
36397.0
36414.0
36428.0
36442.0
36456.0
36470.0
36484.0
36498.0
36512.0
36526.0
36540.0
36554.0
36568.0
36582.0
36596.0
36610.0
36624.0
36638.0
36652.0
36666.0
36680.0
36694.0
36708.0
36722.0
36736.0
36750.0
36764.0
36778.0
36792.0
36806.0
36820.0
36834.0
36848.0
36862.0
36876.0
36890.0
36904.0
36918.0
36932.0
36946.0
36960.0
36974.0
36988.0
37002.0
37016.0
37030.0
37044.0
37058.0
37072.0
37086.0
37100.0
37114.0
37128.0
37142.0
37156.0
37170.0
37184.0
37198.0
37212.0
37226.0
37240.0
37254.0
37268.0
37282.0
37296.0
37310.0
37324.0
37337.0
37350.0
37364.0
37380.0
37394.0
37408.0
37422.0
37436.0
37450.0
37464.0
37478.0
37492.0
37506.0
37520.0
37534.0
37548.0
37562.0
37576.0
37590.0
37603.0
37616.0
37632.0
37646.0
37660.0
37674.0
37687.0
37702.0
37716.0
37730.0
37744.0
37758.0
37771.0
37784.0
37800.0
37814.0
37828.0
37842.0
37856.0
37870.0
37884.0
37898.0
37912.0
37926.0
37940.0
37954.0
37968.0
37982.0
37996.0
38010.0
38024.0
38038.0
38052.0
38066.0
38080.0
38093.0
38107.0
38122.0
38136.0
38150.0
38164.0
38178.0
38192.0
38206.0
38220.0
38234.0
38248.0
38262.0
38276.0
38290.0
38304.0
38318.0
38332.0
38346.0
38360.0
38374.0
38388.0
38402.0
38416.0
38430.0
38444.0
38458.0
38472.0
38486.0
38500.0
38514.0
38528.0
38542.0
38556.0
38570.0
38584.0
38598.0
38612.0
38625.0
38638.0
38654.0
38668.0
38682.0
38696.0
38710.0
38724.0
38738.0
38752.0
38766.0
38779.0
38794.0
38808.0
38822.0
38836.0
38850.0
38864.0
38878.0
38891.0
38906.0
38920.0
38934.0
38948.0
38962.0
38976.0
38990.0
39004.0
39018.0
39031.0
39044.0
39057.0
39074.0
39088.0
39102.0
39115.0
39128.0
39144.0
39158.0
39172.0
39185.0
39198.0
39212.0
39228.0
39242.0
39255.0
39268.0
39283.0
39298.0
39312.0
39326.0
39340.0
39354.0
39368.0
39382.0
39396.0
39410.0
39424.0
39438.0
39452.0
39466.0
39480.0
39494.0
39508.0
39522.0
39536.0
39550.0
39564.0
39578.0
39592.0
39606.0
39620.0
39633.0
39648.0
39662.0
39676.0
39690.0
39704.0
39717.0
39732.0
39746.0
39760.0
39774.0
39788.0
39802.0
39816.0
39830.0
39844.0
39858.0
39872.0
39886.0
39900.0
39913.0
39926.0
39939.0
39956.0
39969.0
39984.0
39998.0
40012.0
40025.0
40040.0
40054.0
40068.0
40082.0
40096.0
40110.0
40124.0
40138.0
40152.0
40165.0
40179.0
40192.0
40208.0
40222.0
40235.0
40250.0
40264.0
40278.0
40292.0
40306.0
40320.0
40334.0
40348.0
40362.0
40376.0
40389.0
40402.0
40416.0
40429.0
40446.0
40459.0
40472.0
40485.0
40500.0
40516.0
40530.0
40544.0
40558.0
40572.0
40586.0
40600.0
40614.0
40627.0
40642.0
40656.0
40670.0
40683.0
40698.0
40711.0
40726.0
40740.0
40754.0
40768.0
40782.0
40795.0
40810.0
40824.0
40838.0
40851.0
40865.0
40878.0
40894.0
40908.0
40922.0
40936.0
40949.0
40962.0
40978.0
40992.0
41006.0
41020.0
41034.0
41048.0
41062.0
41076.0
41090.0
41104.0
41118.0
41132.0
41146.0
41160.0
41173.0
41186.0
41201.0
41215.0
41230.0
41243.0
41258.0
41272.0
41286.0
41300.0
41314.0
41328.0
41342.0
41356.0
41370.0
41384.0
41398.0
41412.0
41426.0
41440.0
41454.0
41468.0
41482.0
41496.0
41510.0
41524.0
41538.0
41552.0
41566.0
41580.0
41594.0
41608.0
41622.0
41636.0
41650.0
41664.0
41678.0
41692.0
41706.0
41720.0
41734.0
41747.0
41760.0
41776.0
41790.0
41804.0
41818.0
41832.0
41845.0
41858.0
41871.0
41884.0
41897.0
41913.0
41930.0
41944.0
41958.0
41972.0
41986.0
42000.0
42014.0
42028.0
42042.0
42056.0
42070.0
42084.0
42098.0
42112.0
42126.0
42140.0
42154.0
42168.0
42182.0
42195.0
42210.0
42224.0
42238.0
42252.0
42266.0
42280.0
42294.0
42308.0
42322.0
42336.0
42350.0
42364.0
42378.0
42392.0
42406.0
42420.0
42434.0
42448.0
42461.0
42474.0
42490.0
42504.0
42518.0
42532.0
42546.0
42560.0
42574.0
42588.0
42602.0
42616.0
42630.0
42644.0
42658.0
42672.0
42686.0
42700.0
42714.0
42728.0
42742.0
42756.0
42770.0
42784.0
42798.0
42812.0
42826.0
42840.0
42854.0
42868.0
42882.0
42896.0
42910.0
42924.0
42938.0
42952.0
42966.0
42980.0
42994.0
43008.0
43022.0
43036.0
43050.0
43063.0
43076.0
43089.0
43106.0
43120.0
43134.0
43147.0
43162.0
43176.0
43190.0
43204.0
43217.0
43230.0
43243.0
43260.0
43274.0
43288.0
43302.0
43316.0
43329.0
43344.0
43358.0
43372.0
43386.0
43400.0
43414.0
43427.0
43440.0
43453.0
43466.0
43484.0
43498.0
43512.0
43526.0
43540.0
43554.0
43568.0
43582.0
43596.0
43610.0
43624.0
43638.0
43652.0
43666.0
43680.0
43694.0
43708.0
43722.0
43736.0
43749.0
43764.0
43778.0
43792.0
43806.0
43820.0
43834.0
43848.0
43862.0
43876.0
43890.0
43904.0
43918.0
43932.0
43946.0
43960.0
43974.0
43988.0
44002.0
44016.0
44030.0
44044.0
44058.0
44072.0
44086.0
44100.0
44114.0
44128.0
44142.0
44156.0
44170.0
44184.0
44198.0
44212.0
44226.0
44240.0
44254.0
44267.0
44280.0
44293.0
44306.0
44319.0
44332.0
44352.0
44366.0
44380.0
44394.0
44408.0
44422.0
44436.0
44450.0
44464.0
44478.0
44492.0
44506.0
44520.0
44534.0
44548.0
44562.0
44576.0
44590.0
44604.0
44618.0
44632.0
44646.0
44660.0
44674.0
44688.0
44702.0
44716.0
44730.0
44744.0
44758.0
44772.0
44786.0
44800.0
44814.0
44828.0
44842.0
44856.0
44870.0
44884.0
44898.0
44912.0
44926.0
44940.0
44954.0
44968.0
44981.0
44994.0
45009.0
45022.0
45035.0
45048.0
45061.0
45080.0
45094.0
45108.0
45122.0
45136.0
45150.0
45164.0
45178.0
45192.0
45206.0
45220.0
45234.0
45248.0
45262.0
45276.0
45290.0
45304.0
45318.0
45332.0
45346.0
45360.0
45374.0
45388.0
45402.0
45416.0
45430.0
45444.0
45458.0
45472.0
45486.0
45500.0
45514.0
45528.0
45542.0
45556.0
45570.0
45584.0
45598.0
45612.0
45626.0
45640.0
45654.0
45668.0
45682.0
45696.0
45710.0
45724.0
45738.0
45752.0
45766.0
45780.0
45794.0
45808.0
45822.0
45836.0
45850.0
45864.0
45878.0
45892.0
45906.0
45920.0
45934.0
45948.0
45962.0
45976.0
45990.0
46004.0
46018.0
46032.0
46046.0
46060.0
46074.0
46088.0
46102.0
46116.0
46130.0
46144.0
46158.0
46172.0
46186.0
46200.0
46214.0
46228.0
46242.0
46256.0
46270.0
46284.0
46297.0
46310.0
46326.0
46340.0
46354.0
46368.0
46382.0
46396.0
46410.0
46424.0
46438.0
46452.0
46466.0
46480.0
46494.0
46508.0
46522.0
46536.0
46550.0
46564.0
46578.0
46592.0
46606.0
46620.0
46634.0
46648.0
46662.0
46676.0
46690.0
46704.0
46718.0
46732.0
46746.0
46760.0
46774.0
46788.0
46802.0
46816.0
46830.0
46844.0
46858.0
46872.0
46886.0
46900.0
46914.0
46928.0
46942.0
46956.0
46970.0
46984.0
46998.0
47012.0
47026.0
47040.0
47054.0
47068.0
47082.0
47096.0
47110.0
47123.0
47136.0
47152.0
47165.0
47179.0
47193.0
47206.0
47219.0
47236.0
47250.0
47264.0
47278.0
47292.0
47306.0
47320.0
47334.0
47348.0
47362.0
47376.0
47390.0
47404.0
47418.0
47432.0
47446.0
47460.0
47474.0
47488.0
47502.0
47516.0
47530.0
47544.0
47558.0
47572.0
47585.0
47599.0
47614.0
47628.0
47642.0
47656.0
47670.0
47684.0
47698.0
47712.0
47726.0
47740.0
47754.0
47768.0
47782.0
47796.0
47810.0
47824.0
47838.0
47852.0
47866.0
47880.0
47894.0
47908.0
47922.0
47936.0
47950.0
47964.0
47978.0
47992.0
48006.0
48020.0
48034.0
48048.0
48062.0
48076.0
48089.0
48103.0
48118.0
48131.0
48146.0
48160.0
48174.0
48188.0
48202.0
48215.0
48230.0
48244.0
48258.0
48272.0
48286.0
48299.0
48312.0
48328.0
48341.0
48356.0
48370.0
48384.0
48398.0
48412.0
48426.0
48439.0
48454.0
48468.0
48482.0
48496.0
48510.0
48523.0
48536.0
48549.0
48566.0
48580.0
48594.0
48607.0
48622.0
48636.0
48650.0
48664.0
48678.0
48692.0
48706.0
48720.0
48734.0
48748.0
48761.0
48774.0
48790.0
48804.0
48818.0
48832.0
48845.0
48858.0
48871.0
48888.0
48902.0
48916.0
48930.0
48944.0
48958.0
48972.0
48986.0
49000.0
49014.0
49028.0
49042.0
49056.0
49070.0
49084.0
49098.0
49112.0
49126.0
49140.0
49154.0
49168.0
49182.0
49196.0
49210.0
49224.0
49238.0
49252.0
49266.0
49280.0
49294.0
49308.0
49322.0
49336.0
49350.0
49364.0
49378.0
49391.0
49405.0
49420.0
49434.0
49448.0
49462.0
49476.0
49490.0
49503.0
49518.0
49531.0
49544.0
49558.0
49574.0
49588.0
49602.0
49616.0
49630.0
49644.0
49658.0
49672.0
49686.0
49700.0
49714.0
49728.0
49742.0
49756.0
49770.0
49784.0
49798.0
49812.0
49826.0
49840.0
49854.0
49868.0
49882.0
49896.0
49910.0
49924.0
49938.0
49952.0
49966.0
49980.0
49994.0
50008.0
50022.0
50036.0
50050.0
50064.0
50077.0
50091.0
50104.0
50119.0
50134.0
50147.0
50160.0
50176.0
50190.0
50204.0
50218.0
50232.0
50246.0
50260.0
50274.0
50288.0
50302.0
50316.0
50330.0
50344.0
50358.0
50372.0
50386.0
50400.0
50414.0
50428.0
50442.0
50456.0
50470.0
50484.0
50498.0
50512.0
50526.0
50540.0
50554.0
50568.0
50582.0
50596.0
50610.0
50624.0
50638.0
50652.0
50666.0
50680.0
50694.0
50708.0
50722.0
50736.0
50750.0
50764.0
50778.0
50792.0
50806.0
50820.0
50834.0
50848.0
50862.0
50876.0
50890.0
50904.0
50918.0
50932.0
50946.0
50960.0
50974.0
50988.0
51002.0
51016.0
51030.0
51044.0
51058.0
51072.0
51086.0
51100.0
51114.0
51128.0
51142.0
51156.0
51170.0
51184.0
51198.0
51212.0
51226.0
51239.0
51252.0
51268.0
51282.0
51296.0
51310.0
51324.0
51338.0
51352.0
51366.0
51380.0
51394.0
51408.0
51421.0
51435.0
51450.0
51464.0
51478.0
51492.0
51506.0
51520.0
51534.0
51548.0
51562.0
51576.0
51590.0
51604.0
51618.0
51632.0
51646.0
51660.0
51674.0
51688.0
51702.0
51716.0
51730.0
51744.0
51758.0
51772.0
51786.0
51800.0
51814.0
51828.0
51842.0
51856.0
51870.0
51884.0
51898.0
51912.0
51926.0
51940.0
51954.0
51968.0
51982.0
51996.0
52010.0
52024.0
52038.0
52052.0
52066.0
52080.0
52094.0
52108.0
52122.0
52136.0
52149.0
52164.0
52177.0
52192.0
52206.0
52220.0
52234.0
52248.0
52262.0
52276.0
52290.0
52304.0
52318.0
52332.0
52346.0
52360.0
52374.0
52388.0
52401.0
52416.0
52430.0
52444.0
52458.0
52472.0
52486.0
52500.0
52514.0
52528.0
52542.0
52555.0
52568.0
52581.0
52598.0
52612.0
52626.0
52639.0
52652.0
52665.0
52678.0
52692.0
52705.0
52718.0
52731.0
52752.0
52766.0
52780.0
52794.0
52808.0
52822.0
52836.0
52850.0
52864.0
52878.0
52892.0
52906.0
52920.0
52934.0
52948.0
52962.0
52976.0
52990.0
53004.0
53018.0
53032.0
53046.0
53060.0
53074.0
53088.0
53102.0
53116.0
53130.0
53144.0
53158.0
53172.0
53185.0
53198.0
53214.0
53227.0
53240.0
53256.0
53270.0
53284.0
53298.0
53312.0
53326.0
53340.0
53354.0
53368.0
53382.0
53396.0
53410.0
53424.0
53438.0
53452.0
53466.0
53480.0
53494.0
53508.0
53522.0
53536.0
53550.0
53564.0
53578.0
53591.0
53606.0
53620.0
53634.0
53648.0
53661.0
53676.0
53690.0
53703.0
53716.0
53729.0
53742.0
53755.0
53768.0
53781.0
53794.0
53808.0
53824.0
53844.0
53858.0
53872.0
53886.0
53899.0
53913.0
53926.0
53940.0
53956.0
53970.0
53983.0
53996.0
54009.0
54026.0
54040.0
54054.0
54068.0
54082.0
54096.0
54110.0
54124.0
54138.0
54152.0
54166.0
54180.0
54194.0
54208.0
54221.0
54236.0
54250.0
54264.0
54278.0
54292.0
54306.0
54320.0
54334.0
54348.0
54361.0
54374.0
54390.0
54404.0
54418.0
54431.0
54444.0
54459.0
54474.0
54488.0
54502.0
54516.0
54530.0
54543.0
54558.0
54572.0
54585.0
54600.0
54614.0
54628.0
54642.0
54656.0
54670.0
54684.0
54698.0
54712.0
54726.0
54740.0
54754.0
54767.0
54782.0
54796.0
54810.0
54824.0
54838.0
54852.0
54866.0
54880.0
54894.0
54908.0
54922.0
54936.0
54950.0
54964.0
54978.0
54992.0
55006.0
55020.0
55034.0
55048.0
55062.0
55075.0
55088.0
55101.0
55118.0
55132.0
55146.0
55160.0
55174.0
55188.0
55202.0
55216.0
55230.0
55244.0
55257.0
55270.0
55286.0
55300.0
55314.0
55328.0
55342.0
55356.0
55370.0
55384.0
55398.0
55412.0
55426.0
55440.0
55454.0
55468.0
55482.0
55496.0
55510.0
55524.0
55538.0
55552.0
55566.0
55580.0
55594.0
55608.0
55622.0
55636.0
55650.0
55664.0
55678.0
55692.0
55706.0
55720.0
55734.0
55748.0
55762.0
55775.0
55790.0
55804.0
55818.0
55832.0
55846.0
55860.0
55874.0
55888.0
55902.0
55916.0
55930.0
55944.0
55958.0
55972.0
55986.0
56000.0
56014.0
56028.0
56042.0
56056.0
56070.0
56084.0
56098.0
56112.0
56126.0
56140.0
56153.0
56168.0
56182.0
56196.0
56210.0
56224.0
56238.0
56252.0
56266.0
56280.0
56294.0
56308.0
56322.0
56336.0
56350.0
56364.0
56378.0
56391.0
56406.0
56420.0
56434.0
56448.0
56462.0
56476.0
56490.0
56504.0
56518.0
56531.0
56544.0
56560.0
56574.0
56588.0
56602.0
56616.0
56630.0
56644.0
56658.0
56672.0
56686.0
56700.0
56714.0
56728.0
56742.0
56756.0
56770.0
56784.0
56798.0
56812.0
56826.0
56840.0
56854.0
56868.0
56882.0
56896.0
56910.0
56924.0
56938.0
56952.0
56966.0
56980.0
56994.0
57008.0
57022.0
57036.0
57050.0
57064.0
57078.0
57092.0
57106.0
57120.0
57134.0
57148.0
57162.0
57176.0
57190.0
57204.0
57218.0
57232.0
57246.0
57260.0
57274.0
57288.0
57302.0
57316.0
57330.0
57344.0
57358.0
57372.0
57386.0
57400.0
57414.0
57428.0
57442.0
57455.0
57468.0
57484.0
57498.0
57512.0
57526.0
57540.0
57554.0
57568.0
57582.0
57596.0
57610.0
57624.0
57637.0
57652.0
57666.0
57680.0
57694.0
57708.0
57722.0
57736.0
57750.0
57764.0
57778.0
57792.0
57806.0
57819.0
57834.0
57847.0
57862.0
57876.0
57890.0
57904.0
57918.0
57932.0
57946.0
57960.0
57974.0
57988.0
58002.0
58016.0
58030.0
58044.0
58058.0
58072.0
58086.0
58100.0
58114.0
58128.0
58141.0
58156.0
58170.0
58184.0
58198.0
58212.0
58226.0
58240.0
58254.0
58268.0
58282.0
58296.0
58310.0
58324.0
58338.0
58352.0
58366.0
58380.0
58394.0
58408.0
58422.0
58436.0
58450.0
58464.0
58478.0
58492.0
58506.0
58520.0
58534.0
58548.0
58562.0
58576.0
58590.0
58604.0
58618.0
58632.0
58645.0
58660.0
58674.0
58688.0
58702.0
58716.0
58730.0
58744.0
58758.0
58772.0
58786.0
58800.0
58814.0
58828.0
58842.0
58856.0
58870.0
58884.0
58898.0
58912.0
58926.0
58940.0
58954.0
58968.0
58982.0
58996.0
59010.0
59024.0
59038.0
59052.0
59066.0
59080.0
59093.0
59106.0
59119.0
59136.0
59150.0
59164.0
59178.0
59191.0
59206.0
59220.0
59234.0
59248.0
59262.0
59275.0
59288.0
59304.0
59318.0
59332.0
59346.0
59360.0
59374.0
59388.0
59402.0
59416.0
59430.0
59444.0
59458.0
59472.0
59486.0
59500.0
59514.0
59528.0
59542.0
59556.0
59570.0
59583.0
59597.0
59612.0
59626.0
59640.0
59654.0
59668.0
59682.0
59696.0
59710.0
59724.0
59738.0
59752.0
59766.0
59780.0
59794.0
59808.0
59822.0
59836.0
59850.0
59864.0
59878.0
59892.0
59906.0
59920.0
59934.0
59948.0
59962.0
59976.0
59990.0
60004.0
60018.0
60032.0
60046.0
60060.0
60074.0
60088.0
60102.0
60116.0
60130.0
60144.0
60158.0
60172.0
60186.0
60200.0
60214.0
60228.0
60242.0
60256.0
60270.0
60284.0
60297.0
60312.0
60326.0
60340.0
60354.0
60367.0
60380.0
60396.0
60410.0
60424.0
60438.0
60452.0
60466.0
60480.0
60494.0
60508.0
60522.0
60536.0
60550.0
60563.0
60578.0
60592.0
60606.0
60620.0
60634.0
60648.0
60662.0
60676.0
60690.0
60704.0
60718.0
60732.0
60746.0
60760.0
60774.0
60788.0
60802.0
60816.0
60830.0
60844.0
60858.0
60872.0
60886.0
60899.0
60914.0
60928.0
60942.0
60956.0
60970.0
60984.0
60998.0
61011.0
61026.0
61040.0
61054.0
61068.0
61082.0
61096.0
61110.0
61124.0
61138.0
61152.0
61166.0
61180.0
61194.0
61208.0
61222.0
61236.0
61250.0
61264.0
61278.0
61292.0
61306.0
61320.0
61334.0
61348.0
61362.0
61376.0
61390.0
61404.0
61418.0
61432.0
61446.0
61460.0
61474.0
61488.0
61502.0
61516.0
61530.0
61544.0
61558.0
61571.0
61584.0
61598.0
61613.0
61628.0
61642.0
61655.0
61668.0
61683.0
61697.0
61712.0
61726.0
61740.0
61754.0
61768.0
61782.0
61796.0
61810.0
61824.0
61838.0
61852.0
61866.0
61880.0
61894.0
61908.0
61922.0
61936.0
61950.0
61964.0
61978.0
61992.0
62006.0
62020.0
62034.0
62048.0
62062.0
62076.0
62090.0
62103.0
62116.0
62129.0
62146.0
62160.0
62174.0
62188.0
62202.0
62216.0
62230.0
62244.0
62258.0
62272.0
62286.0
62300.0
62314.0
62328.0
62342.0
62356.0
62370.0
62384.0
62398.0
62412.0
62426.0
62440.0
62454.0
62468.0
62482.0
62496.0
62510.0
62524.0
62538.0
62551.0
62566.0
62580.0
62593.0
62608.0
62622.0
62636.0
62650.0
62664.0
62678.0
62692.0
62706.0
62720.0
62734.0
62748.0
62762.0
62776.0
62790.0
62804.0
62818.0
62832.0
62846.0
62860.0
62874.0
62888.0
62902.0
62916.0
62929.0
62942.0
62958.0
62972.0
62986.0
63000.0
63014.0
63028.0
63042.0
63056.0
63070.0
63084.0
63098.0
63112.0
63126.0
63140.0
63154.0
63168.0
63182.0
63196.0
63210.0
63224.0
63238.0
63252.0
63266.0
63280.0
63294.0
63308.0
63322.0
63336.0
63350.0
63364.0
63378.0
63392.0
63406.0
63420.0
