2054064.0
2054077.0
2054091.0
2054105.0
2054119.0
2054133.0
2054147.0
2054161.0
2054174.0
2054187.0
2054202.0
2054217.0
2054231.0
2054245.0
2054258.0
2054273.0
2054287.0
2054300.0
2054313.0
2054329.0
2054343.0
2054357.0
2054371.0
2054385.0
2054399.0
2054413.0
2054427.0
2054441.0
2054455.0
2054469.0
2054483.0
2054497.0
2054511.0
2054525.0
2054539.0
2054553.0
2054567.0
2054581.0
2054595.0
2054609.0
2054623.0
2054637.0
2054651.0
2054665.0
2054679.0
2054693.0
2054707.0
2054721.0
2054735.0
2054749.0
2054763.0
2054777.0
2054791.0
2054805.0
2054819.0
2054833.0
2054847.0
2054861.0
2054875.0
2054889.0
2054903.0
2054917.0
2054931.0
2054945.0
2054959.0
2054973.0
2054987.0
2055001.0
2055015.0
2055029.0
2055043.0
2055057.0
2055071.0
2055085.0
2055099.0
2055113.0
2055127.0
2055141.0
2055155.0
2055169.0
2055182.0
2055195.0
2055210.0
2055225.0
2055239.0
2055253.0
2055267.0
2055281.0
2055295.0
2055309.0
2055323.0
2055337.0
2055351.0
2055365.0
2055379.0
2055393.0
2055407.0
2055421.0
2055435.0
2055449.0
2055463.0
2055477.0
2055491.0
2055505.0
2055519.0
2055533.0
2055547.0
2055561.0
2055575.0
2055589.0
2055603.0
2055617.0
2055631.0
2055645.0
2055659.0
2055673.0
2055687.0
2055701.0
2055715.0
2055729.0
2055743.0
2055757.0
2055771.0
2055785.0
2055799.0
2055813.0
2055827.0
2055841.0
2055855.0
2055869.0
2055883.0
2055897.0
2055911.0
2055925.0
2055939.0
2055953.0
2055967.0
2055981.0
2055995.0
2056008.0
2056023.0
2056037.0
2056051.0
2056064.0
2056079.0
2056093.0
2056107.0
2056120.0
2056135.0
2056149.0
2056163.0
2056177.0
2056191.0
2056205.0
2056219.0
2056233.0
2056247.0
2056261.0
2056275.0
2056289.0
2056303.0
2056317.0
2056331.0
2056345.0
2056359.0
2056373.0
2056387.0
2056401.0
2056415.0
2056429.0
2056443.0
2056457.0
2056470.0
2056484.0
2056499.0
2056513.0
2056527.0
2056540.0
2056555.0
2056569.0
2056583.0
2056596.0
2056611.0
2056625.0
2056639.0
2056653.0
2056667.0
2056681.0
2056695.0
2056709.0
2056723.0
2056737.0
2056750.0
2056763.0
2056776.0
2056793.0
2056807.0
2056821.0
2056835.0
2056849.0
2056863.0
2056877.0
2056891.0
2056905.0
2056919.0
2056933.0
2056947.0
2056961.0
2056975.0
2056989.0
2057003.0
2057017.0
2057031.0
2057045.0
2057059.0
2057073.0
2057087.0
2057101.0
2057115.0
2057129.0
2057143.0
2057157.0
2057171.0
2057185.0
2057199.0
2057213.0
2057227.0
2057241.0
2057255.0
2057269.0
2057283.0
2057297.0
2057311.0
2057325.0
2057339.0
2057353.0
2057367.0
2057381.0
2057395.0
2057409.0
2057423.0
2057437.0
2057451.0
2057465.0
2057479.0
2057493.0
2057507.0
2057521.0
2057535.0
2057549.0
2057563.0
2057577.0
2057591.0
2057605.0
2057619.0
2057633.0
2057647.0
2057661.0
2057675.0
2057689.0
2057703.0
2057717.0
2057731.0
2057744.0
2057757.0
2057770.0
2057787.0
2057801.0
2057815.0
2057829.0
2057843.0
2057856.0
2057871.0
2057885.0
2057899.0
2057913.0
2057927.0
2057941.0
2057955.0
2057969.0
2057983.0
2057996.0
2058009.0
2058023.0
2058039.0
2058053.0
2058067.0
2058080.0
2058095.0
2058109.0
2058123.0
2058137.0
2058151.0
2058164.0
2058177.0
2058190.0
2058207.0
2058221.0
2058235.0
2058249.0
2058263.0
2058277.0
2058291.0
2058305.0
2058319.0
2058333.0
2058347.0
2058361.0
2058375.0
2058389.0
2058403.0
2058417.0
2058431.0
2058445.0
2058459.0
2058473.0
2058486.0
2058499.0
2058515.0
2058529.0
2058543.0
2058557.0
2058571.0
2058585.0
2058599.0
2058613.0
2058627.0
2058641.0
2058655.0
2058669.0
2058683.0
2058697.0
2058711.0
2058725.0
2058739.0
2058753.0
2058767.0
2058781.0
2058795.0
2058809.0
2058823.0
2058837.0
2058851.0
2058865.0
2058879.0
2058893.0
2058907.0
2058921.0
2058935.0
2058949.0
2058963.0
2058977.0
2058991.0
2059005.0
2059018.0
2059031.0
2059047.0
2059061.0
2059075.0
2059089.0
2059103.0
2059117.0
2059131.0
2059145.0
2059159.0
2059172.0
2059187.0
2059201.0
2059215.0
2059229.0
2059243.0
2059257.0
2059271.0
2059284.0
2059298.0
2059313.0
2059327.0
2059341.0
2059355.0
2059369.0
2059383.0
2059397.0
2059411.0
2059424.0
2059437.0
2059450.0
2059467.0
2059481.0
2059495.0
2059508.0
2059521.0
2059537.0
2059551.0
2059565.0
2059579.0
2059592.0
2059605.0
2059621.0
2059635.0
2059648.0
2059661.0
2059674.0
2059691.0
2059705.0
2059719.0
2059733.0
2059747.0
2059761.0
2059775.0
2059789.0
2059803.0
2059817.0
2059831.0
2059845.0
2059859.0
2059873.0
2059887.0
2059901.0
2059915.0
2059929.0
2059943.0
2059957.0
2059971.0
2059985.0
2059999.0
2060013.0
2060026.0
2060039.0
2060055.0
2060069.0
2060083.0
2060097.0
2060110.0
2060125.0
2060139.0
2060153.0
2060167.0
2060181.0
2060195.0
2060209.0
2060223.0
2060237.0
2060251.0
2060265.0
2060279.0
2060293.0
2060306.0
2060320.0
2060335.0
2060349.0
2060363.0
2060377.0
2060391.0
2060405.0
2060418.0
2060433.0
2060447.0
2060461.0
2060475.0
2060489.0
2060503.0
2060517.0
2060531.0
2060545.0
2060558.0
2060572.0
2060586.0
2060599.0
2060615.0
2060628.0
2060643.0
2060657.0
2060671.0
2060685.0
2060699.0
2060713.0
2060726.0
2060741.0
2060755.0
2060769.0
2060782.0
2060795.0
2060808.0
2060823.0
2060838.0
2060852.0
2060866.0
2060879.0
2060893.0
2060908.0
2060923.0
2060937.0
2060951.0
2060965.0
2060979.0
2060993.0
2061007.0
2061020.0
2061033.0
2061049.0
2061063.0
2061076.0
2061091.0
2061104.0
2061119.0
2061133.0
2061147.0
2061161.0
2061175.0
2061189.0
2061203.0
2061217.0
2061231.0
2061244.0
2061259.0
2061272.0
2061287.0
2061301.0
2061315.0
2061329.0
2061342.0
2061355.0
2061371.0
2061385.0
2061399.0
2061413.0
2061427.0
2061441.0
2061455.0
2061469.0
2061483.0
2061497.0
2061511.0
2061525.0
2061539.0
2061553.0
2061566.0
2061580.0
2061593.0
2061609.0
2061623.0
2061637.0
2061650.0
2061665.0
2061679.0
2061693.0
2061707.0
2061721.0
2061735.0
2061749.0
2061763.0
2061777.0
2061791.0
2061805.0
2061819.0
2061833.0
2061847.0
2061861.0
2061875.0
2061889.0
2061903.0
2061917.0
2061931.0
2061945.0
2061959.0
2061973.0
2061987.0
2062001.0
2062015.0
2062029.0
2062043.0
2062057.0
2062071.0
2062085.0
2062099.0
2062113.0
2062127.0
2062140.0
2062153.0
2062169.0
2062183.0
2062197.0
2062211.0
2062225.0
2062239.0
2062252.0
2062265.0
2062278.0
2062291.0
2062307.0
2062323.0
2062337.0
2062351.0
2062365.0
2062379.0
2062393.0
2062407.0
2062421.0
2062435.0
2062449.0
2062463.0
2062477.0
2062491.0
2062505.0
2062519.0
2062533.0
2062547.0
2062561.0
2062575.0
2062589.0
2062603.0
2062617.0
2062631.0
2062645.0
2062659.0
2062673.0
2062687.0
2062701.0
2062715.0
2062729.0
2062743.0
2062757.0
2062771.0
2062785.0
2062799.0
2062813.0
2062827.0
2062841.0
2062855.0
2062868.0
2062882.0
2062897.0
2062911.0
2062925.0
2062939.0
2062953.0
2062967.0
2062981.0
2062995.0
2063009.0
2063023.0
2063037.0
2063051.0
2063065.0
2063079.0
2063093.0
2063107.0
2063121.0
2063135.0
2063149.0
2063163.0
2063177.0
2063191.0
2063205.0
2063219.0
2063233.0
2063247.0
2063261.0
2063275.0
2063289.0
2063303.0
2063317.0
2063331.0
2063345.0
2063359.0
2063373.0
2063387.0
2063401.0
2063415.0
2063429.0
2063443.0
2063456.0
2063469.0
2063482.0
2063495.0
2063509.0
2063527.0
2063540.0
2063555.0
2063569.0
2063583.0
2063596.0
2063609.0
2063622.0
2063635.0
2063653.0
2063667.0
2063681.0
2063695.0
2063709.0
2063723.0
2063737.0
2063751.0
2063765.0
2063779.0
2063792.0
2063807.0
2063820.0
2063833.0
2063846.0
2063859.0
2063877.0
2063891.0
2063905.0
2063919.0
2063933.0
2063947.0
2063961.0
2063975.0
2063989.0
2064003.0
2064017.0
2064031.0
2064045.0
2064059.0
2064073.0
2064087.0
2064101.0
2064115.0
2064129.0
2064142.0
2064156.0
2064171.0
2064185.0
2064199.0
2064213.0
2064227.0
2064241.0
2064255.0
2064269.0
2064283.0
2064297.0
2064311.0
2064325.0
2064339.0
2064353.0
2064367.0
2064381.0
2064395.0
2064409.0
2064423.0
2064437.0
2064451.0
2064465.0
2064479.0
2064493.0
2064507.0
2064521.0
2064535.0
2064549.0
2064563.0
2064577.0
2064591.0
2064605.0
2064619.0
2064633.0
2064647.0
2064660.0
2064673.0
2064686.0
2064699.0
2064712.0
2064725.0
2064745.0
2064759.0
2064772.0
2064787.0
2064801.0
2064815.0
2064829.0
2064843.0
2064857.0
2064871.0
2064885.0
2064899.0
2064913.0
2064927.0
2064941.0
2064955.0
2064969.0
2064983.0
2064997.0
2065011.0
2065025.0
2065039.0
2065053.0
2065067.0
2065081.0
2065095.0
2065109.0
2065123.0
2065137.0
2065151.0
2065165.0
2065179.0
2065193.0
2065207.0
2065221.0
2065235.0
2065249.0
2065263.0
2065277.0
2065291.0
2065305.0
2065319.0
2065333.0
2065347.0
2065361.0
2065374.0
2065387.0
2065400.0
2065413.0
2065426.0
2065439.0
2065459.0
2065473.0
2065487.0
2065501.0
2065515.0
2065529.0
2065543.0
2065557.0
2065571.0
2065585.0
2065599.0
2065613.0
2065627.0
2065641.0
2065655.0
2065669.0
2065683.0
2065697.0
2065711.0
2065725.0
2065739.0
2065753.0
2065767.0
2065781.0
2065795.0
2065809.0
2065823.0
2065837.0
2065851.0
2065865.0
2065879.0
2065893.0
2065907.0
2065921.0
2065935.0
2065949.0
2065963.0
2065977.0
2065991.0
2066005.0
2066019.0
2066033.0
2066047.0
2066061.0
2066075.0
2066089.0
2066103.0
2066117.0
2066131.0
2066145.0
2066159.0
2066173.0
2066187.0
2066201.0
2066215.0
2066229.0
2066243.0
2066257.0
2066271.0
2066285.0
2066299.0
2066313.0
2066327.0
2066341.0
2066355.0
2066369.0
2066383.0
2066397.0
2066411.0
2066425.0
2066439.0
2066453.0
2066467.0
2066481.0
2066495.0
2066509.0
2066523.0
2066537.0
2066551.0
2066565.0
2066579.0
2066593.0
2066607.0
2066621.0
2066635.0
2066649.0
2066663.0
2066677.0
2066691.0
2066704.0
2066719.0
2066733.0
2066747.0
2066761.0
2066775.0
2066789.0
2066803.0
2066817.0
2066831.0
2066845.0
2066859.0
2066873.0
2066887.0
2066901.0
2066915.0
2066929.0
2066943.0
2066957.0
2066971.0
2066985.0
2066999.0
2067013.0
2067027.0
2067041.0
2067055.0
2067069.0
2067083.0
2067097.0
2067111.0
2067125.0
2067139.0
2067153.0
2067167.0
2067181.0
2067195.0
2067209.0
2067223.0
2067237.0
2067251.0
2067265.0
2067279.0
2067293.0
2067307.0
2067321.0
2067335.0
2067349.0
2067363.0
2067377.0
2067391.0
2067405.0
2067419.0
2067433.0
2067447.0
2067461.0
2067475.0
2067489.0
2067503.0
2067516.0
2067529.0
2067542.0
2067555.0
2067572.0
2067585.0
2067599.0
2067612.0
2067629.0
2067643.0
2067657.0
2067671.0
2067685.0
2067699.0
2067713.0
2067727.0
2067741.0
2067755.0
2067769.0
2067783.0
2067797.0
2067811.0
2067825.0
2067839.0
2067853.0
2067867.0
2067881.0
2067895.0
2067909.0
2067923.0
2067937.0
2067951.0
2067965.0
2067978.0
2067991.0
2068007.0
2068021.0
2068035.0
2068049.0
2068063.0
2068077.0
2068091.0
2068105.0
2068119.0
2068133.0
2068147.0
2068161.0
2068175.0
2068189.0
2068203.0
2068217.0
2068231.0
2068245.0
2068259.0
2068273.0
2068287.0
2068301.0
2068315.0
2068329.0
2068343.0
2068357.0
2068371.0
2068385.0
2068399.0
2068413.0
2068427.0
2068441.0
2068455.0
2068469.0
2068482.0
2068497.0
2068511.0
2068524.0
2068539.0
2068553.0
2068567.0
2068581.0
2068595.0
2068609.0
2068622.0
2068637.0
2068651.0
2068665.0
2068679.0
2068692.0
2068705.0
2068721.0
2068734.0
2068747.0
2068763.0
2068777.0
2068791.0
2068805.0
2068819.0
2068833.0
2068846.0
2068861.0
2068875.0
2068889.0
2068903.0
2068916.0
2068930.0
2068945.0
2068959.0
2068973.0
2068987.0
2069000.0
2069015.0
2069029.0
2069043.0
2069057.0
2069071.0
2069085.0
2069099.0
2069113.0
2069127.0
2069141.0
2069154.0
2069167.0
2069183.0
2069197.0
2069211.0
2069225.0
2069238.0
2069251.0
2069264.0
2069281.0
2069295.0
2069309.0
2069323.0
2069337.0
2069351.0
2069365.0
2069379.0
2069393.0
2069407.0
2069421.0
2069435.0
2069449.0
2069463.0
2069477.0
2069490.0
2069505.0
2069519.0
2069533.0
2069547.0
2069561.0
2069575.0
2069589.0
2069603.0
2069617.0
2069631.0
2069645.0
2069659.0
2069673.0
2069687.0
2069701.0
2069715.0
2069729.0
2069743.0
2069757.0
2069771.0
2069785.0
2069798.0
2069813.0
2069826.0
2069841.0
2069855.0
2069869.0
2069883.0
2069896.0
2069911.0
2069924.0
2069937.0
2069950.0
2069967.0
2069981.0
2069995.0
2070009.0
2070023.0
2070037.0
2070051.0
2070065.0
2070079.0
2070093.0
2070107.0
2070121.0
2070135.0
2070149.0
2070163.0
2070177.0
2070191.0
2070205.0
2070219.0
2070233.0
2070247.0
2070261.0
2070275.0
2070289.0
2070303.0
2070317.0
2070331.0
2070345.0
2070359.0
2070373.0
2070387.0
2070401.0
2070415.0
2070429.0
2070443.0
2070457.0
2070470.0
2070483.0
2070498.0
2070512.0
2070527.0
2070540.0
2070554.0
2070569.0
2070583.0
2070597.0
2070611.0
2070625.0
2070639.0
2070653.0
2070667.0
2070681.0
2070695.0
2070709.0
2070723.0
2070737.0
2070751.0
2070765.0
2070779.0
2070793.0
2070807.0
2070821.0
2070835.0
2070849.0
2070863.0
2070877.0
2070891.0
2070905.0
2070919.0
2070933.0
2070947.0
2070961.0
2070975.0
2070989.0
2071003.0
2071017.0
2071031.0
2071045.0
2071059.0
2071073.0
2071087.0
2071101.0
2071115.0
2071129.0
2071143.0
2071157.0
2071171.0
2071185.0
2071199.0
2071213.0
2071227.0
2071241.0
2071255.0
2071269.0
2071283.0
2071297.0
2071311.0
2071325.0
2071339.0
2071353.0
2071367.0
2071381.0
2071395.0
2071409.0
2071423.0
2071437.0
2071451.0
2071465.0
2071479.0
2071493.0
2071507.0
2071521.0
2071535.0
2071549.0
2071563.0
2071577.0
2071591.0
2071605.0
2071619.0
2071632.0
2071645.0
2071661.0
2071675.0
2071689.0
2071703.0
2071717.0
2071731.0
2071745.0
2071759.0
2071773.0
2071787.0
2071801.0
2071814.0
2071827.0
2071843.0
2071857.0
2071871.0
2071885.0
2071899.0
2071913.0
2071927.0
2071941.0
2071955.0
2071969.0
2071983.0
2071997.0
2072011.0
2072025.0
2072039.0
2072053.0
2072067.0
2072081.0
2072095.0
2072109.0
2072123.0
2072137.0
2072151.0
2072165.0
2072179.0
2072193.0
2072207.0
2072221.0
2072235.0
2072249.0
2072263.0
2072277.0
2072291.0
2072305.0
2072319.0
2072333.0
2072347.0
2072361.0
2072375.0
2072389.0
2072403.0
2072417.0
2072431.0
2072445.0
2072459.0
2072473.0
2072487.0
2072501.0
2072515.0
2072529.0
2072543.0
2072557.0
2072571.0
2072585.0
2072599.0
2072613.0
2072627.0
2072641.0
2072655.0
2072669.0
2072683.0
2072697.0
2072711.0
2072725.0
2072739.0
2072753.0
2072767.0
2072781.0
2072795.0
2072809.0
2072823.0
2072837.0
2072851.0
2072865.0
2072879.0
2072893.0
2072907.0
2072921.0
2072935.0
2072948.0
2072961.0
2072974.0
2072987.0
2073005.0
2073019.0
2073033.0
2073046.0
2073059.0
2073072.0
2073085.0
2073098.0
2073111.0
2073126.0
2073145.0
2073159.0
2073173.0
2073187.0
2073201.0
2073215.0
2073229.0
2073243.0
2073257.0
2073271.0
2073285.0
2073299.0
2073313.0
2073327.0
2073341.0
2073355.0
2073369.0
2073383.0
2073397.0
2073411.0
2073425.0
2073439.0
2073453.0
2073467.0
2073481.0
2073495.0
2073509.0
2073523.0
2073537.0
2073551.0
2073565.0
2073579.0
2073592.0
2073605.0
2073621.0
2073634.0
2073648.0
2073663.0
2073677.0
2073691.0
2073705.0
2073719.0
2073733.0
2073747.0
2073761.0
2073775.0
2073789.0
2073803.0
2073817.0
2073831.0
2073845.0
2073859.0
2073873.0
2073887.0
2073901.0
2073915.0
2073929.0
2073943.0
2073957.0
2073971.0
2073984.0
2073999.0
2074013.0
2074027.0
2074041.0
2074055.0
2074068.0
2074083.0
2074097.0
2074110.0
2074123.0
2074136.0
2074149.0
2074162.0
2074175.0
2074188.0
2074201.0
2074219.0
2074237.0
2074251.0
2074265.0
2074279.0
2074292.0
2074305.0
2074318.0
2074332.0
2074345.0
2074363.0
2074376.0
2074389.0
2074402.0
2074415.0
2074433.0
2074447.0
2074461.0
2074475.0
2074489.0
2074503.0
2074517.0
2074531.0
2074545.0
2074559.0
2074573.0
2074587.0
2074601.0
2074614.0
2074627.0
2074643.0
2074657.0
2074671.0
2074685.0
2074699.0
2074713.0
2074727.0
2074741.0
2074754.0
2074767.0
2074783.0
2074797.0
2074811.0
2074824.0
2074839.0
2074852.0
2074867.0
2074881.0
2074895.0
2074909.0
2074923.0
2074937.0
2074951.0
2074965.0
2074978.0
2074993.0
2075007.0
2075021.0
2075035.0
2075049.0
2075063.0
2075077.0
2075091.0
2075105.0
2075119.0
2075133.0
2075147.0
2075160.0
2075175.0
2075189.0
2075203.0
2075217.0
2075231.0
2075245.0
2075259.0
2075273.0
2075287.0
2075301.0
2075315.0
2075329.0
2075343.0
2075357.0
2075371.0
2075385.0
2075399.0
2075413.0
2075427.0
2075441.0
2075455.0
2075468.0
2075481.0
2075494.0
2075511.0
2075525.0
2075539.0
2075553.0
2075567.0
2075581.0
2075595.0
2075609.0
2075623.0
2075637.0
2075651.0
2075664.0
2075678.0
2075693.0
2075707.0
2075721.0
2075735.0
2075749.0
2075763.0
2075777.0
2075791.0
2075805.0
2075819.0
2075833.0
2075847.0
2075861.0
2075875.0
2075889.0
2075903.0
2075917.0
2075931.0
2075945.0
2075959.0
2075973.0
2075987.0
2076001.0
2076015.0
2076029.0
2076043.0
2076057.0
2076071.0
2076085.0
2076099.0
2076113.0
2076127.0
2076141.0
2076155.0
2076169.0
2076183.0
2076197.0
2076211.0
2076225.0
2076239.0
2076253.0
2076267.0
2076281.0
2076295.0
2076309.0
2076323.0
2076337.0
2076351.0
2076365.0
2076379.0
2076393.0
2076407.0
2076421.0
2076435.0
2076449.0
2076463.0
2076477.0
2076491.0
2076505.0
2076519.0
2076533.0
2076546.0
2076561.0
2076575.0
2076589.0
2076603.0
2076616.0
2076631.0
2076645.0
2076659.0
2076673.0
2076687.0
2076701.0
2076715.0
2076729.0
2076743.0
2076757.0
2076771.0
2076785.0
2076799.0
2076813.0
2076827.0
2076841.0
2076855.0
2076869.0
2076883.0
2076897.0
2076911.0
2076925.0
2076938.0
2076953.0
2076967.0
2076981.0
2076995.0
2077009.0
2077023.0
2077037.0
2077051.0
2077065.0
2077079.0
2077093.0
2077107.0
2077121.0
2077135.0
2077149.0
2077163.0
2077177.0
2077191.0
2077205.0
2077219.0
2077233.0
2077247.0
2077261.0
2077275.0
2077289.0
2077303.0
2077317.0
2077331.0
2077345.0
2077359.0
2077373.0
2077387.0
2077401.0
2077415.0
2077429.0
2077443.0
2077457.0
2077471.0
2077485.0
2077499.0
2077513.0
2077527.0
2077541.0
2077555.0
2077569.0
2077583.0
2077597.0
2077611.0
2077625.0
2077639.0
2077653.0
2077667.0
2077681.0
2077695.0
2077709.0
2077723.0
2077737.0
2077751.0
2077765.0
2077779.0
2077793.0
2077807.0
2077821.0
2077835.0
2077848.0
2077861.0
2077877.0
2077891.0
2077905.0
2077919.0
2077933.0
2077947.0
2077961.0
2077975.0
2077989.0
2078003.0
2078017.0
2078031.0
2078045.0
2078059.0
2078073.0
2078087.0
2078101.0
2078115.0
2078129.0
2078143.0
2078157.0
2078171.0
2078185.0
2078199.0
2078212.0
2078225.0
2078241.0
2078255.0
2078269.0
2078283.0
2078297.0
2078311.0
2078325.0
2078339.0
2078353.0
2078367.0
2078381.0
2078395.0
2078409.0
2078423.0
2078437.0
2078451.0
2078465.0
2078479.0
2078493.0
2078507.0
2078521.0
2078535.0
2078549.0
2078563.0
2078577.0
2078591.0
2078605.0
2078619.0
2078633.0
2078647.0
2078661.0
2078675.0
2078689.0
2078703.0
2078717.0
2078731.0
2078745.0
2078759.0
2078773.0
2078787.0
2078801.0
2078815.0
2078829.0
2078843.0
2078857.0
2078871.0
2078885.0
2078899.0
2078913.0
2078927.0
2078941.0
2078955.0
2078969.0
2078983.0
2078997.0
2079011.0
2079025.0
2079039.0
2079053.0
2079067.0
2079081.0
2079095.0
2079109.0
2079123.0
2079137.0
2079151.0
2079165.0
2079179.0
2079193.0
2079207.0
2079221.0
2079235.0
2079249.0
2079263.0
2079277.0
2079291.0
2079305.0
2079319.0
2079333.0
2079347.0
2079361.0
2079375.0
2079389.0
2079403.0
2079417.0
2079431.0
2079445.0
2079459.0
2079473.0
2079486.0
2079499.0
2079512.0
2079529.0
2079543.0
2079557.0
2079571.0
2079584.0
2079599.0
2079613.0
2079627.0
2079641.0
2079655.0
2079668.0
2079681.0
2079695.0
2079711.0
2079725.0
2079739.0
2079752.0
2079767.0
2079781.0
2079795.0
2079809.0
2079823.0
2079837.0
2079851.0
2079864.0
2079879.0
2079893.0
2079907.0
2079921.0
2079935.0
2079949.0
2079963.0
2079977.0
2079990.0
2080005.0
2080019.0
2080033.0
2080047.0
2080061.0
2080075.0
2080089.0
2080103.0
2080117.0
2080131.0
2080145.0
2080159.0
2080172.0
2080187.0
2080201.0
2080215.0
2080229.0
2080243.0
2080257.0
2080271.0
2080285.0
2080299.0
2080313.0
2080327.0
2080341.0
2080355.0
2080369.0
2080383.0
2080397.0
2080411.0
2080425.0
2080439.0
2080453.0
2080467.0
2080481.0
2080495.0
2080509.0
2080523.0
2080537.0
2080551.0
2080565.0
2080579.0
2080593.0
2080607.0
2080621.0
2080635.0
2080649.0
2080663.0
2080677.0
2080691.0
2080705.0
2080719.0
2080733.0
2080747.0
2080761.0
2080774.0
2080787.0
2080803.0
2080817.0
2080831.0
2080845.0
2080859.0
2080873.0
2080887.0
2080901.0
2080915.0
2080929.0
2080943.0
2080956.0
2080969.0
2080985.0
2080999.0
2081013.0
2081027.0
2081041.0
2081055.0
2081069.0
2081083.0
2081097.0
2081111.0
2081125.0
2081139.0
2081153.0
2081167.0
2081181.0
2081195.0
2081209.0
2081223.0
2081237.0
2081251.0
2081265.0
2081279.0
2081293.0
2081307.0
2081321.0
2081335.0
2081349.0
2081363.0
2081377.0
2081391.0
2081405.0
2081419.0
2081433.0
2081447.0
2081461.0
2081475.0
2081489.0
2081503.0
2081517.0
2081531.0
2081545.0
2081559.0
2081573.0
2081587.0
2081601.0
2081615.0
2081629.0
2081643.0
2081657.0
2081671.0
2081685.0
2081699.0
2081713.0
2081727.0
2081741.0
2081755.0
2081769.0
2081783.0
2081797.0
2081811.0
2081825.0
2081839.0
2081853.0
2081867.0
2081881.0
2081895.0
2081909.0
2081923.0
2081937.0
2081951.0
2081965.0
2081978.0
2081991.0
2082007.0
2082021.0
2082034.0
2082048.0
2082061.0
2082077.0
2082091.0
2082105.0
2082119.0
2082133.0
2082147.0
2082161.0
2082175.0
2082189.0
2082203.0
2082217.0
2082231.0
2082245.0
2082259.0
2082273.0
2082287.0
2082301.0
2082315.0
2082329.0
2082343.0
2082357.0
2082371.0
2082385.0
2082399.0
2082413.0
2082427.0
2082440.0
2082455.0
2082469.0
2082483.0
2082496.0
2082509.0
2082522.0
2082537.0
2082553.0
2082567.0
2082581.0
2082595.0
2082609.0
2082623.0
2082637.0
2082651.0
2082665.0
2082679.0
2082693.0
2082707.0
2082721.0
2082735.0
2082749.0
2082763.0
2082777.0
2082791.0
2082805.0
2082819.0
2082833.0
2082847.0
2082861.0
2082875.0
2082889.0
2082903.0
2082917.0
2082931.0
2082944.0
2082957.0
2082973.0
2082986.0
2083001.0
2083015.0
2083029.0
2083043.0
2083057.0
2083071.0
