1484499225.0
-9.65
-9.77
-9.85
-9.69
-9.69
-9.65
-9.57
-9.61
-9.57
-9.49
-9.57
-9.3
-9.34
-9.22
-9.14
-9.38
-10.28
-10.12
-9.57
-9.69
-9.77
-9.77
-9.69
-9.49
-9.57
-9.57
-9.61
-9.69
-9.57
-9.65
-9.69
-9.69
-9.73
-9.73
-9.69
-9.65
-9.57
-9.61
-9.65
-9.65
-9.61
-9.65
-9.65
-9.77
-9.69
-9.57
-9.73
-9.61
-9.61
-9.61
-9.69
-9.61
-9.73
-9.61
-9.65
-9.65
-9.69
-9.65
-9.73
-9.65
-9.61
-9.65
-9.61
-9.57
-9.65
-9.69
-9.65
-9.61
-9.73
-9.77
-9.65
-9.77
-9.81
-9.81
-9.92
-9.89
-10.0
-10.04
-10.4
-10.55
-10.83
-10.83
-10.79
-11.85
-11.34
-9.26
-8.71
-6.47
-5.37
-5.26
-6.63
-7.57
-8.43
-8.28
-7.88
-8.79
-8.87
-11.1
-11.81
-10.94
-10.83
-10.32
-10.55
-10.83
-9.92
-8.71
-10.51
-8.59
-8.71
-9.81
-10.12
-9.22
-10.4
-9.38
-8.36
-8.83
-9.38
-9.65
-9.92
-9.34
-9.22
-9.1
-9.3
-9.61
-8.98
-9.14
-9.3
-9.57
-9.53
-9.14
-9.14
-9.22
-9.1
-8.94
-9.06
-8.83
-9.02
-9.18
-8.94
-9.34
-9.26
-9.14
-9.26
-9.06
-9.02
-8.94
-8.87
-9.26
-9.18
-9.18
-9.18
-9.26
-9.22
-9.22
-9.02
-9.02
-8.94
-9.18
-9.34
-9.22
-9.26
-9.1
-9.02
-9.06
-9.22
-9.22
-9.1
-9.06
-9.14
-9.49
-9.34
-9.06
-8.87
-8.98
-9.38
-9.22
-8.98
-9.06
-9.22
-9.18
-9.3
-9.26
-9.14
-9.22
-9.18
-9.22
-9.3
-9.22
-9.3
-9.26
-9.26
-9.34
-9.3
-9.34
-9.3
-9.3
-9.26
-9.22
-9.3
-9.22
-9.34
-9.38
-9.38
-9.38
-9.26
-9.18
-9.26
-9.34
-9.38
-9.3
-9.41
-9.34
-9.45
-9.38
-9.38
-9.3
-9.22
-9.26
-9.34
-9.41
-9.3
-9.3
-9.3
-9.3
-9.26
-9.41
-9.41
-9.38
-9.41
-9.3
-9.3
-9.34
-9.3
-9.45
-9.41
-9.53
-9.41
-9.34
-9.34
-9.22
-9.45
-9.41
-9.45
-9.38
-9.38
-9.38
-9.41
-9.38
-9.41
-9.41
-9.45
-9.53
-9.41
-9.49
-9.49
-9.45
-9.53
-9.57
-9.38
-9.49
-9.49
-9.49
-9.45
-9.38
-9.26
-9.41
-9.41
-9.49
-9.38
-9.57
-9.38
-9.41
-9.26
-9.49
-9.57
-9.49
-9.45
-9.41
-9.49
-9.57
-9.45
-9.53
-9.49
-9.41
-9.49
-9.38
-9.45
-9.53
-9.49
-9.57
-9.65
-9.61
-9.69
-9.65
-9.53
-9.41
-9.41
-9.38
-9.57
-9.45
-9.53
-9.73
-9.57
-9.73
-9.69
-9.77
-9.49
-9.38
-9.38
-9.81
-9.85
-9.73
-10.16
-10.16
-9.89
-10.08
-10.28
-10.16
-10.55
-10.28
-10.12
-10.2
-9.96
-9.41
-8.32
-7.69
-7.3
-7.02
-6.83
-6.9
-6.79
-7.53
-8.28
-9.92
-11.22
-10.98
-11.49
-12.75
-13.49
-10.28
-9.14
-9.14
-9.06
-9.02
-9.65
-9.81
-9.38
-9.38
-9.34
-9.45
-9.65
-9.38
-9.45
-9.69
-9.81
-9.89
-9.57
-9.81
-10.04
-9.85
-9.57
-9.81
-9.96
-9.73
-9.61
-9.34
-9.34
-9.38
-9.41
-9.57
-9.49
-9.49
-9.65
-9.81
-9.77
-9.61
-9.73
-9.69
-9.65
-9.65
-9.81
-9.53
-9.61
-9.53
-9.45
-9.41
-9.61
-9.49
-9.65
-9.49
-9.49
-9.57
-9.49
-9.49
-9.53
-9.53
-9.45
-9.69
-9.49
-9.57
-9.45
-9.53
-9.53
-9.61
-9.53
-9.53
-9.73
-9.69
-9.65
-9.57
-9.69
-9.65
-9.65
-9.73
-9.73
-9.57
-9.53
-9.53
-9.61
-9.65
-9.81
-9.69
-9.61
-9.65
-9.61
-9.69
-9.89
-9.69
-9.65
-9.69
-9.69
-9.65
-9.45
-9.49
-9.69
-9.53
-9.57
-9.73
-9.69
-9.53
-9.57
-9.65
-9.65
-9.53
-9.73
-9.65
-9.65
-9.61
-9.57
-9.65
-9.73
-9.77
-9.65
-9.53
-9.57
-9.65
-9.57
-9.53
-9.69
-9.69
-9.61
-9.61
-9.57
-9.61
-9.69
-9.65
-9.65
-9.73
-9.85
-9.57
-9.53
-9.57
-9.38
-9.45
-9.45
-9.45
-9.57
-9.61
-9.53
-9.34
-9.45
-9.49
-9.73
-9.69
-9.69
-9.65
-9.69
-9.77
-9.61
-9.65
-9.73
-9.69
-9.41
-9.38
-9.49
-9.41
-9.41
-9.57
-9.65
-9.61
-9.61
-9.65
-9.49
-9.45
-9.57
-9.53
-9.53
-9.41
-9.38
-9.45
-9.45
-9.45
-9.45
-9.49
-9.61
-9.49
-9.53
-9.41
-9.45
-9.45
-9.41
-9.41
-9.45
-9.45
-9.53
-9.49
-9.45
-9.49
-9.41
-9.45
-9.41
-9.53
-9.45
-9.38
-9.41
-9.34
-9.61
-9.61
-9.57
-9.53
-9.49
-9.53
-9.49
-9.45
-9.49
-9.45
-9.53
-9.53
-9.49
-9.49
-9.45
-9.53
-9.57
-9.57
-9.49
-9.53
-9.57
-9.53
-9.57
-9.45
-9.49
-9.53
-9.49
-9.53
-9.57
-9.57
-9.57
-9.53
-9.65
-9.61
-9.61
-9.69
-9.57
-9.49
-9.53
-9.57
-9.57
-9.41
-9.57
-9.69
-9.65
-9.61
-9.57
-9.61
-9.49
-9.38
-9.41
-9.57
-9.65
-9.65
-9.53
-9.53
-9.53
-9.77
-9.77
-9.53
-9.49
-9.38
-9.38
-9.41
-9.41
-9.49
-9.57
-9.57
-9.69
-9.65
-9.53
-9.69
-9.77
-9.73
-9.73
-9.69
-9.73
-9.65
-9.69
-9.53
-9.53
-9.49
-9.49
-9.49
-9.49
-9.49
-9.61
-9.85
-9.81
-9.49
-9.53
-9.69
-9.96
-9.69
-9.69
-9.77
-9.57
-9.53
-9.38
-9.22
-9.3
-9.38
-9.41
-9.49
-9.61
-9.69
-9.89
-10.04
-9.92
-9.81
-9.65
-9.53
-9.53
-9.81
-9.69
-9.45
-9.49
-9.45
-9.41
-9.3
-9.41
-9.38
-9.26
-9.38
-9.45
-9.53
-9.65
-9.65
-9.69
-9.85
-9.77
-9.77
-9.69
-9.73
-9.73
-9.65
-9.61
-9.73
-9.96
-9.73
-9.53
-9.57
-9.57
-9.53
-9.65
-9.65
-9.65
-9.61
-9.69
-9.61
-9.61
-9.61
-9.65
-9.61
-9.69
-9.65
-9.61
-9.53
-9.65
-9.65
-9.65
-9.69
-9.65
-9.65
-9.69
-9.65
-9.61
-9.69
-9.61
-9.73
-9.65
-9.65
-9.69
-9.65
-9.61
-9.61
-9.57
-9.61
-9.69
-9.69
-9.65
-9.65
-9.65
-9.65
-9.65
-9.69
-9.61
-9.61
-9.61
-9.73
-9.61
-9.69
-9.69
-9.61
-9.65
-9.61
-9.69
-9.73
-9.61
-9.65
-9.61
-9.65
-9.65
-9.65
-9.65
-9.65
-9.69
-9.61
-9.65
-9.65
-9.65
-9.69
-9.61
-9.65
-9.65
-9.57
-9.65
-9.65
-9.57
-9.57
-9.65
-9.61
-9.61
-9.65
-9.61
-9.69
-9.73
-9.57
-9.69
-9.69
-9.61
-9.65
-9.61
-9.65
-9.57
-9.57
-9.65
-9.61
-9.65
-9.69
-9.61
-9.69
-9.65
-9.57
-9.61
-9.65
-9.77
-9.73
-9.65
-9.65
-9.57
-9.65
-9.61
-9.73
-9.61
-9.61
-9.65
-9.61
-9.65
-9.61
-9.65
-9.53
-9.69
-9.61
-9.65
-9.65
-9.69
-9.65
-9.65
-9.57
-9.65
-9.61
-9.61
-9.69
-9.65
-9.65
-9.69
-9.65
-9.65
-9.61
-9.65
-9.61
-9.65
-9.61
-9.65
-9.65
-9.65
-9.69
-9.69
-9.73
-9.65
-9.65
-9.61
-9.65
-9.61
-9.69
-9.65
-9.69
-9.69
-9.69
-9.61
-9.65
-9.57
-9.61
-9.61
-9.57
-9.73
-9.65
-9.57
-9.65
-9.61
-9.57
-9.69
-9.57
-9.69
-9.65
-9.69
-9.61
-9.65
-9.69
-9.65
-9.65
-9.69
-9.57
-9.61
-9.61
-9.65
-9.69
-9.65
-9.69
-9.65
-9.69
-9.65
-9.65
-9.65
-9.61
-9.61
-9.61
-9.65
-9.65
-9.61
-9.57
-9.61
-9.65
-9.69
-9.57
-9.65
-9.57
-9.61
-9.61
-9.65
-9.61
-9.57
-9.53
-9.57
-9.61
-9.61
-9.57
-9.65
-9.61
-9.57
-9.61
-9.61
-9.61
-9.57
-9.61
-9.61
-9.61
-9.65
-9.57
-9.69
-9.57
-9.65
-9.61
-9.53
-9.49
-9.57
-9.61
-9.61
-9.65
-9.57
-9.57
-9.57
-9.57
-9.57
-9.53
-9.53
-9.57
-9.53
-9.57
-9.61
-9.57
-9.53
-9.49
-9.49
-9.38
-9.57
-9.49
-9.53
-9.73
-9.69
-9.49
-9.49
-9.45
-9.41
-9.45
-9.49
-9.57
-9.53
-9.41
-9.45
-9.49
-9.49
-9.49
-9.41
-9.49
-9.53
-9.49
-9.53
-9.41
-9.49
-9.41
-9.57
-9.53
-9.45
-9.49
-9.34
-9.53
-9.49
-9.49
-9.49
-9.49
-9.49
-9.45
-9.53
-9.45
-9.45
-9.45
-9.53
-9.49
-9.53
-9.45
-9.49
-9.41
-9.45
-9.45
-9.49
-9.41
-9.49
-9.49
-9.57
-9.61
-9.49
-9.45
-9.41
-9.45
-9.49
-9.53
-9.45
-9.45
-9.49
-9.49
-9.49
-9.57
-9.49
-9.45
-9.49
-9.49
-9.57
-9.53
-9.53
-9.53
-9.49
-9.53
-9.49
-9.49
-9.57
-9.53
-9.53
-9.53
-9.57
-9.49
-9.49
-9.57
-9.57
-9.49
-9.49
-9.53
-9.53
-9.53
-9.53
-9.65
-9.53
-9.53
-9.57
-9.45
-9.53
-9.49
-9.61
-9.61
-9.65
-9.61
-9.53
-9.53
-9.49
-9.57
-9.57
-9.53
-9.53
-9.53
-9.45
-9.53
-9.49
-9.53
-9.57
-9.57
-9.57
-9.53
-9.61
-9.61
-9.65
-9.53
-9.61
-9.61
-9.45
-9.53
-9.49
-9.61
-9.65
-9.57
-9.61
-9.53
-9.53
-9.53
-9.57
-9.57
-9.57
-9.61
-9.61
-9.61
-9.57
-9.61
-9.53
-9.57
-9.61
-9.65
-9.61
-9.57
-9.61
-9.61
-9.49
-9.49
-9.57
-9.57
-9.49
-9.57
-9.53
-9.57
-9.53
-9.61
-9.61
-9.61
-9.57
-9.57
-9.57
-9.53
-9.61
-9.61
-9.61
-9.65
-9.53
-9.57
-9.53
-9.57
-9.57
-9.61
-9.53
-9.61
-9.57
-9.65
-9.53
-9.61
-9.57
-9.57
-9.49
-9.57
-9.61
-9.61
-9.69
-9.57
-9.65
-9.61
-9.61
-9.57
-9.57
-9.57
-9.61
-9.57
-9.61
-9.57
-9.53
-9.61
-9.61
-9.57
-9.53
-9.57
-9.61
-9.57
-9.53
-9.57
-9.61
-9.61
-9.61
-9.53
-9.45
-9.49
-9.69
-9.57
-9.57
-9.53
-9.53
-9.49
-9.53
-9.53
-9.57
-9.53
-9.53
-9.53
-9.45
-9.53
-9.61
-9.53
-9.53
-9.53
-9.53
-9.53
-9.57
-9.61
-9.57
-9.53
-9.57
-9.57
-9.57
-9.57
-9.57
-9.53
-9.53
-9.45
-9.65
-9.53
-9.53
-9.61
-9.57
-9.53
-9.57
-9.57
-9.61
-9.57
-9.53
-9.53
-9.57
-9.53
-9.53
-9.57
-9.57
-9.61
-9.53
-9.57
-9.45
-9.53
-9.53
-9.53
-9.61
-9.65
-9.65
-9.49
-9.61
-9.65
-9.41
-9.45
-9.61
-9.53
-9.49
-9.49
-9.53
-9.61
-9.61
-9.65
-9.41
-9.41
-9.61
-9.57
-9.53
-9.61
-9.49
-9.49
-9.53
-9.53
-9.57
-9.41
-9.57
-9.53
-9.49
-9.53
-9.57
-9.49
-9.49
-9.49
-9.49
-9.45
-9.57
-9.65
-9.57
-9.61
-9.49
-9.49
-9.49
-9.45
-9.49
-9.57
-9.61
-9.61
-9.61
-9.53
-9.49
-9.49
-9.53
-9.45
-9.53
-9.61
-9.53
-9.49
-9.53
-9.57
-9.53
-9.53
-9.57
-9.53
-9.53
-9.61
-9.57
-9.49
-9.53
-9.53
-9.49
-9.45
-9.57
-9.57
-9.57
-9.49
-9.53
-9.57
-9.53
-9.49
-9.53
-9.57
-9.53
-9.57
-9.53
-9.53
-9.49
-9.53
-9.57
-9.57
-9.49
-9.57
-9.53
-9.57
-9.57
-9.57
-9.45
-9.53
-9.49
-9.45
-9.53
-9.61
-9.53
-9.49
-9.53
-9.45
-9.57
-9.57
-9.57
-9.53
-9.49
-9.53
-9.57
-9.53
-9.49
-9.53
-9.53
-9.49
-9.49
-9.53
-9.57
-9.53
-9.61
-9.57
-9.53
-9.53
-9.57
-9.53
-9.57
-9.57
-9.57
-9.53
-9.53
-9.57
-9.49
-9.45
-9.53
-9.53
-9.57
-9.53
-9.49
-9.53
-9.57
-9.57
-9.49
-9.49
-9.53
-9.57
-9.49
-9.53
-9.57
-9.53
-9.49
-9.45
-9.49
-9.49
-9.45
-9.53
-9.57
-9.49
-9.53
-9.61
-9.61
-9.53
-9.53
-9.53
-9.53
-9.57
-9.53
-9.49
-9.53
-9.57
-9.61
-9.61
-9.57
-9.53
-9.49
-9.49
-9.61
-9.53
-9.53
-9.61
-9.53
-9.53
-9.61
-9.61
-9.57
-9.49
-9.61
-9.49
-9.57
-9.53
-9.57
-9.57
-9.53
-9.49
-9.53
-9.49
-9.45
-9.61
-9.53
-9.61
-9.53
-9.53
-9.57
-9.53
-9.57
-9.57
-9.53
-9.57
-9.57
-9.49
-9.57
-9.61
-9.53
-9.57
-9.53
-9.53
-9.61
-9.49
-9.57
-9.49
-9.61
-9.53
-9.53
-9.69
-9.49
-9.57
-9.53
-9.49
-9.53
-9.61
-9.53
-9.57
-9.53
-9.53
-9.53
-9.57
-9.49
-9.53
-9.57
-9.57
-9.57
-9.57
-9.57
-9.53
-9.53
-9.53
-9.49
-9.57
-9.53
-9.49
-9.53
-9.49
-9.57
-9.49
-9.57
-9.49
-9.53
-9.53
-9.53
-9.49
-9.57
-9.53
-9.57
-9.57
-9.53
-9.61
-9.57
-9.53
-9.61
-9.57
-9.53
-9.53
-9.53
-9.53
-9.53
-9.65
-9.53
-9.53
-9.61
-9.53
-9.57
-9.57
-9.53
-9.53
-9.53
-9.53
-9.49
-9.57
-9.53
-9.53
-9.53
-9.53
-9.57
-9.57
-9.61
-9.53
-9.49
-9.49
-9.53
-9.61
-9.57
-9.61
-9.53
-9.61
-9.49
-9.53
-9.53
-9.53
-9.53
-9.49
-9.53
-9.61
-9.53
-9.61
-9.61
-9.57
-9.61
-9.53
-9.53
-9.57
-9.53
-9.61
-9.53
-9.61
-9.65
-9.61
-9.53
-9.57
-9.57
-9.57
-9.53
-9.49
-9.53
-9.57
-9.53
-9.57
-9.53
-9.57
-9.53
-9.45
-9.57
-9.53
-9.53
-9.61
-9.57
-9.57
-9.57
-9.53
-9.57
-9.53
-9.53
-9.53
-9.53
-9.49
-9.61
-9.53
-9.49
-9.49
-9.57
-9.57
-9.53
-9.53
-9.53
-9.49
-9.45
-9.49
-9.49
-9.49
-9.49
-9.57
-9.49
-9.49
-9.53
-9.53
-9.41
-9.45
-9.41
-9.3
-9.41
-9.34
-9.45
-9.45
-9.34
-9.34
-9.45
-9.3
-9.18
-9.3
-9.34
-9.18
-9.38
-9.26
-9.1
-9.14
-9.14
-9.26
-9.22
-9.26
-9.26
-9.18
-9.26
-9.26
-9.26
-9.14
-9.26
-9.26
-9.22
-9.38
-9.3
-9.1
-9.14
-8.9
-9.02
-9.18
-9.14
-9.22
-9.22
-9.18
-8.98
-9.02
-9.06
-9.22
-9.1
-9.02
-8.98
-9.1
-9.02
-9.02
-9.06
-9.14
-9.06
-8.9
-8.87
-9.02
-9.06
-9.02
-8.9
-8.9
-8.9
-9.06
-8.94
-8.87
-8.79
-9.06
-9.06
-9.06
-9.1
-9.1
-9.38
-9.26
-9.34
-9.26
-9.06
-9.45
-9.61
-10.43
-10.83
-11.34
-11.57
-11.49
-11.41
-11.45
-11.49
-10.94
-10.79
-10.4
-10.08
-9.89
-9.65
-9.69
-9.81
-9.69
-9.73
-9.81
-9.89
-10.2
-9.53
-8.83
-8.36
-8.16
-7.92
-7.69
-6.9
-6.63
-6.59
-6.67
-6.9
-6.71
-6.47
-6.24
-5.73
-5.84
-5.49
-5.45
-5.61
-6.12
-6.35
-7.41
-8.04
-8.55
-10.08
-10.63
-11.92
-12.59
-12.0
-12.79
-9.73
-7.06
-8.83
-11.77
-11.65
-10.67
-10.43
-10.67
-10.04
-10.08
-10.2
-8.98
-8.83
-9.81
-10.12
-10.47
-11.06
-10.79
-9.49
-9.38
-9.81
-9.77
-9.38
-9.1
-9.1
-9.14
-9.3
-9.3
-9.34
-9.38
-9.41
-9.38
-9.53
-9.34
-9.3
-9.3
-9.38
-9.41
-9.41
-9.38
-9.57
-9.49
-9.49
-9.34
-9.26
-9.3
-9.45
-9.61
-9.3
-9.3
-9.1
-9.34
-9.38
-9.3
-9.3
-9.38
-9.45
-9.45
-9.53
-9.45
-9.49
-9.49
-9.53
-9.69
-9.49
-9.45
-9.38
-9.38
-9.34
-9.34
-9.45
-9.49
-9.41
-9.49
-9.45
-9.53
-9.45
-9.53
-9.45
-9.49
-9.45
-9.49
-9.45
-9.41
-9.45
-9.57
-9.57
-9.57
-9.57
-9.45
-9.45
-9.49
-9.53
-9.53
-9.53
-9.61
-9.57
-9.65
-9.61
-9.45
-9.49
-9.53
-9.61
-9.49
-9.49
-9.49
-9.53
-9.57
-9.49
-9.49
-9.61
-9.57
-9.65
-9.65
-9.49
-9.57
-9.53
-9.53
-9.65
-9.57
-9.61
-9.61
-9.61
-9.57
-9.57
-9.57
-9.57
-9.65
-9.65
-9.65
-9.61
-9.49
-9.61
-9.57
-9.57
-9.65
-9.61
-9.57
-9.57
-9.53
-9.53
-9.61
-9.57
-9.61
-9.65
-9.69
-9.65
-9.73
-9.69
-9.53
-9.53
-9.61
-9.65
-9.61
-9.57
-9.57
-9.61
-9.61
-9.69
-9.69
-9.73
-9.77
-9.57
-9.53
-9.57
-9.65
-9.77
-9.73
-9.65
-9.77
-9.77
-9.77
-9.69
-9.65
-9.69
-9.73
-9.73
-9.73
-9.77
-9.81
-9.89
-9.92
-9.96
-10.0
-10.0
-10.04
-10.08
-10.08
-10.04
-10.08
-10.08
-10.04
-9.96
-10.0
-10.08
-10.08
-9.85
-9.92
-9.65
-9.57
-9.61
-9.92
-10.0
-9.85
-10.0
-10.0
-9.92
-10.24
-10.55
-10.55
-10.43
-10.28
-10.04
-9.92
-9.73
-9.57
-9.22
-9.34
-9.18
-8.98
-8.51
-8.75
-8.83
-9.02
-9.73
-9.96
-10.08
-9.85
-9.41
-9.41
-9.69
-9.53
-9.61
-9.92
-10.12
-10.43
-10.51
-10.47
-10.16
-10.16
-9.81
-9.61
-9.41
-9.53
-9.49
-9.57
-9.65
-9.57
-9.49
-9.49
-9.77
-9.89
-9.73
-9.53
-9.34
-9.26
-9.3
-9.1
-9.18
-9.14
-8.98
-9.02
-9.1
-8.87
-8.79
-8.28
-8.36
-8.16
-7.88
-7.65
-7.61
-7.92
-7.96
-8.0
-8.32
-8.55
-8.36
-8.47
-8.83
-9.02
-8.87
-8.87
-8.9
-8.94
-8.79
-8.75
-8.67
-8.43
-8.43
-8.51
-8.39
-8.36
-8.2
-8.16
-7.85
-7.81
-7.92
-7.92
-7.92
-8.04
-8.24
-8.16
-8.0
-8.08
-8.28
-8.28
-8.39
-8.32
-8.24
-8.43
-8.59
-8.83
-9.34
-9.81
-10.08
-9.81
-9.41
-9.3
-9.14
-9.38
-9.38
-9.34
-9.41
-9.57
-9.34
-9.06
-9.22
-8.94
-8.63
-8.71
-8.59
-8.59
-8.24
-8.2
-8.63
-8.67
-8.51
-8.47
-8.47
-8.04
-7.81
-7.92
-7.92
-7.69
-7.65
-7.77
-7.61
-7.69
-7.57
-7.61
-7.85
-8.36
-8.59
-8.67
-8.67
-8.87
-9.14
-9.34
-8.79
-8.9
-8.94
-8.83
-8.36
-8.12
-8.24
-8.28
-8.08
-8.24
-8.32
-8.32
-8.59
-8.79
-8.71
-9.02
-8.75
-8.87
-8.98
-8.83
-8.32
-8.51
-8.12
-8.0
-8.04
-6.75
-6.28
-6.32
-6.04
-6.0
-5.73
-5.33
-4.79
-2.86
-1.96
0.12
1.22
2.71
3.61
4.63
6.16
5.81
4.82
4.43
3.77
2.71
1.33
-2.08
-4.67
-7.26
-13.69
-15.89
-20.01
-20.01
-20.01
-20.01
-20.01
-7.06
0.16
-5.84
-3.26
-11.61
-6.2
-1.26
-7.57
-3.73
-1.1
-6.98
-11.69
-16.16
-13.53
-11.22
-9.81
-9.3
-8.16
-8.12
-8.43
-8.71
-8.59
-8.98
-9.53
-9.77
-10.16
-10.28
-10.16
-10.0
-9.81
-9.34
-9.41
-9.3
-9.06
-9.06
-9.45
-9.53
-9.92
-9.77
-9.65
-9.57
-9.61
-9.49
-9.38
-9.34
-9.41
-9.53
-9.53
-9.65
-9.57
-9.61
-9.85
-9.49
-9.53
-9.45
-9.41
-9.45
-9.73
-9.57
-9.57
-9.53
-9.57
-9.57
-9.49
-9.34
-9.45
-9.49
-9.65
-9.69
-9.69
-9.85
-9.92
-9.77
-9.73
-9.61
-9.65
-9.69
-9.57
-9.57
-9.49
-9.49
-9.57
-9.53
-9.53
-9.49
-9.38
-9.69
-9.77
-9.73
-9.41
-9.41
-9.53
-9.65
-9.61
-9.65
-9.41
-9.41
-9.38
-9.38
-9.22
-9.18
-9.34
-9.34
-9.38
-9.41
-9.38
-9.34
-9.45
-9.45
-9.38
-9.41
-9.65
-9.77
-9.81
-9.69
-9.69
-9.61
-9.65
-9.61
-9.73
-9.65
-9.65
-9.65
-9.61
-9.49
-9.53
-9.45
-9.53
-9.45
-9.45
-9.41
-9.38
-9.38
-9.41
-9.3
-9.41
-9.45
-9.41
-9.53
-9.49
-9.49
-9.61
-9.73
-9.77
-9.81
-10.0
-9.77
-9.69
-9.61
-9.69
-9.85
-9.65
-9.73
-9.89
-10.16
-10.2
-10.12
-10.24
-9.85
-9.89
-10.94
-11.3
-12.04
-12.4
-12.43
-12.32
-12.28
-12.47
-12.75
-13.69
-14.2
-13.96
-13.73
-13.42
-12.4
-12.32
-12.59
-12.43
-11.3
-10.83
-10.83
-10.59
-10.36
-10.04
-10.08
-10.43
-10.2
-9.92
-10.08
-9.92
-9.1
-8.67
-7.45
-7.77
-7.57
-7.06
-7.18
-6.2
-6.35
-5.96
-5.02
-4.79
-4.39
-4.2
-4.08
-4.08
-4.08
-4.28
-4.12
-3.92
-4.28
-4.28
-4.67
-4.79
-4.59
-4.31
-4.12
-3.92
-4.2
-3.92
-3.8
-4.28
-4.31
-4.43
-4.63
-4.39
-4.86
-5.06
-5.3
-6.28
-5.84
-5.3
-5.3
-5.41
-5.65
-5.77
-5.88
-5.33
-5.14
-4.9
-6.08
-7.06
-7.57
-7.77
-7.57
-8.36
-9.22
-12.28
-12.87
-11.89
-10.0
-9.1
-11.92
-14.47
-15.3
-14.47
-13.14
-13.42
-12.94
-12.2
-12.51
-12.28
-11.89
-11.45
-12.4
-12.91
-12.0
-11.49
-12.47
-11.77
-11.06
-10.63
-10.43
-10.43
-10.9
-11.06
-10.63
-10.36
-10.4
-10.16
-10.16
-9.77
-9.53
-9.38
-9.3
-9.38
-9.53
-9.41
-9.41
-9.41
-9.45
-9.57
-9.61
-9.61
-9.41
-9.3
-9.26
-9.26
-9.38
-9.41
-9.38
-9.34
-9.45
-9.45
-9.49
-9.49
-9.49
-9.53
-9.57
-9.57
-9.65
-9.57
-9.57
-9.41
-9.41
-9.45
-9.53
-9.53
-9.49
-9.41
-9.34
-9.38
-9.38
-9.38
-9.41
-9.41
-9.53
-9.45
-9.45
-9.49
-9.73
-9.65
-9.57
-9.53
-9.65
-9.65
-9.85
-9.77
-9.61
-9.69
-10.4
-10.9
-10.71
-9.77
-9.92
-9.73
-10.12
-10.08
-10.83
-11.02
-11.65
-11.73
-11.77
-11.92
-11.49
-11.02
-10.75
-10.4
-9.65
-9.1
-8.36
-8.0
-7.77
-7.53
-7.37
-6.83
-6.67
-6.83
-6.55
-6.32
-5.88
-5.96
-6.28
-6.43
-6.67
-7.61
-8.04
-8.87
-9.26
-9.45
-10.08
-10.0
-10.04
-10.32
-10.75
-10.94
-10.71
-10.2
-10.08
-10.36
-10.08
-10.71
-10.0
-9.69
-10.63
-12.08
-12.75
-9.85
-7.45
-7.85
-10.12
-9.65
-9.18
-9.18
-9.69
-9.38
-9.26
-9.49
-9.57
-9.41
-9.3
-9.1
-8.9
-9.1
-9.18
-9.14
-9.02
-9.45
-9.38
-9.22
-9.26
-9.14
-9.3
-9.3
-9.1
-9.06
-9.18
-9.18
-9.06
-8.98
-9.02
-9.18
-9.18
-9.22
-9.34
-9.3
-9.26
-9.3
-9.3
-9.14
-9.22
-9.26
-9.22
-9.06
-9.18
-9.06
-9.3
-9.3
-9.14
-9.1
-9.02
-9.14
-9.3
-9.22
-9.3
-9.26
-9.06
-9.22
-9.3
-9.22
-9.1
-9.34
-9.41
-9.3
-9.22
-9.22
-9.18
-9.14
-9.06
-9.14
-9.06
-9.14
-9.22
-9.22
-9.18
-9.22
-9.34
-9.38
-9.06
-9.1
-9.34
-9.53
-9.49
-9.57
-9.65
-9.65
-9.61
-9.69
-9.61
-9.61
-9.49
-9.41
-9.26
-9.18
-9.1
-9.22
-9.26
-9.45
-9.77
-9.81
-9.73
-9.96
-9.92
-10.59
-10.98
-10.98
-11.02
-11.06
-11.02
-10.55
-9.81
-9.57
-8.87
-7.1
-6.51
-5.88
-5.33
-4.94
-4.28
-4.24
-4.79
-4.94
-5.1
-5.88
-6.43
-7.65
-8.55
-9.18
-9.57
-9.65
-9.85
-10.0
-10.08
-9.92
-9.53
-9.14
-8.94
-8.04
-7.88
-9.06
-11.14
-10.59
-5.96
-8.28
-10.36
-9.34
-8.87
-11.89
-11.73
-10.55
-9.1
-9.45
-10.0
-9.49
-9.1
-9.22
-9.53
-9.18
-9.18
-9.1
-9.38
-9.06
-9.26
-9.49
-9.53
-9.65
-9.57
-9.26
-9.18
-9.14
-9.49
-9.89
-8.94
-9.26
-9.3
-9.02
-9.1
-9.26
-9.26
-9.14
-9.1
-9.18
-9.18
-9.18
-9.1
-9.22
-9.45
-9.41
-9.26
-9.1
-9.3
-9.18
-9.22
-9.18
-9.14
-9.22
-9.1
-9.22
-9.22
-9.34
-9.22
-9.18
-9.14
-9.26
-9.26
-9.3
-9.38
-9.3
-9.02
-9.26
-9.26
-9.34
-9.18
-9.26
-9.1
-9.14
-9.34
-9.18
-9.38
-9.14
-9.45
-9.38
-9.38
-9.38
-9.3
-9.41
-9.38
-9.34
-9.38
-9.49
-9.49
-9.45
-9.49
-9.57
-9.41
-9.38
-9.45
-9.49
-9.61
-9.53
-9.45
-9.41
-9.49
-9.45
-9.53
-9.61
-9.61
-9.61
-9.65
-9.57
-9.57
-9.45
-9.57
-9.57
-9.65
-9.61
-9.65
-9.73
-9.65
-9.57
-9.57
-9.57
-9.57
-9.65
-9.65
-9.57
-9.57
-9.69
-9.65
-9.69
-9.69
-9.61
-9.69
-9.65
-9.69
-9.65
-9.69
-9.53
-9.61
-9.73
-9.73
-9.69
-9.61
-9.69
-9.65
-9.73
-9.73
-9.65
-9.69
-9.65
-9.61
-9.69
-9.69
-9.69
-9.73
-9.77
-9.65
-9.65
-9.61
-9.65
-9.65
-9.73
-9.65
-9.73
-9.69
-9.73
-9.73
-9.69
-9.69
-9.65
-9.65
-9.65
-9.69
-9.61
-9.69
-9.65
-9.65
-9.73
-9.61
-9.65
-9.65
-9.69
-9.61
-9.57
-9.77
-9.57
-9.65
-9.69
-9.69
-9.61
-9.69
-9.81
-9.57
-9.69
-9.65
-9.61
-9.53
-9.73
-9.77
-9.69
-9.65
-9.69
-9.61
-9.61
-9.65
-9.65
-9.69
-9.73
-9.57
-9.53
-9.65
-9.69
-9.57
-9.69
-9.61
-9.73
-9.69
-9.69
-9.85
-9.73
-9.77
-9.85
-9.81
-9.92
-9.89
-9.85
-9.92
-9.92
-10.0
-10.04
-10.12
-10.2
-10.55
-10.43
-9.73
-9.65
-9.53
-9.06
-9.02
-9.18
-9.18
-9.49
-9.81
-9.41
-7.81
-7.69
-7.81
-8.36
-7.45
-6.71
-6.98
-7.02
-7.69
-8.24
-8.55
-10.28
-10.94
-12.12
-10.87
-9.49
-10.9
-10.75
-10.08
-9.69
-9.34
-9.18
-9.26
-9.02
-8.94
-9.1
-9.18
-9.38
-9.57
-9.65
-9.77
-9.69
-9.69
-9.57
-9.45
-9.34
-9.38
-9.38
-9.49
-9.45
-9.34
-9.45
-9.61
-9.65
-9.61
-9.69
-9.53
-9.81
-9.65
-9.45
-9.45
-9.41
-9.49
-9.57
-9.49
-9.65
-9.57
-9.22
-9.34
-9.3
-9.53
-9.57
-9.41
-9.38
-9.57
-9.69
-9.53
-9.34
-9.45
-9.53
-9.41
-9.49
-9.57
-9.45
-9.45
-9.57
-9.53
-9.53
-9.45
-9.45
-9.38
-9.45
-9.45
-9.53
-9.41
-9.53
-9.38
-9.41
-9.38
-9.45
-9.53
-9.57
-9.49
-9.38
-9.45
-9.45
-9.41
-9.45
-9.41
-9.38
-9.53
-9.41
-9.45
-9.45
-9.41
-9.49
-9.45
-9.53
-9.49
-9.53
-9.41
-9.41
-9.41
-9.57
-9.53
-9.49
-9.45
-9.53
-9.53
-9.41
-9.34
-9.53
-9.41
-9.57
-9.61
-9.53
-9.34
-9.34
-9.45
-9.53
-9.61
-9.41
-9.57
-9.49
-9.45
-9.49
-9.45
-9.38
-9.57
-9.49
-9.53
-9.45
-9.41
-9.34
-9.3
-9.34
-9.41
-9.45
-9.45
-9.45
-9.53
-9.53
-9.53
-9.49
-9.45
-9.41
-9.49
-9.45
-9.53
-9.53
-9.49
-9.49
-9.38
-9.41
-9.38
-9.45
-9.45
-9.49
-9.61
-9.53
-9.45
-9.45
-9.53
-9.41
-9.49
-9.41
-9.49
-9.57
-9.45
-9.38
-9.45
-9.41
-9.3
-9.53
-9.49
-9.53
-9.45
-9.57
-9.57
-9.49
-9.38
-9.49
-9.41
-9.45
-9.45
-9.49
-9.41
-9.53
-9.57
-9.49
-9.49
-9.57
-9.61
-9.61
-9.65
-9.57
-9.45
-9.57
-9.41
-9.41
-9.38
-9.45
-9.53
-9.57
-9.45
-9.41
-9.49
-9.34
-9.38
-9.49
-9.45
-9.45
-9.45
-9.38
-9.41
-9.49
-9.45
-9.57
-9.61
-9.41
-9.49
-9.61
-9.53
-9.49
-9.38
-9.38
-9.45
-9.45
-9.38
-9.61
-9.61
-9.57
-9.41
-9.41
-9.41
-9.61
-9.73
-9.38
-9.41
-9.45
-9.34
-9.49
-9.49
-9.45
-9.49
-9.41
-9.65
-9.45
-9.57
-9.57
-9.57
-9.41
-9.41
-9.49
-9.49
-9.41
-9.53
-9.41
-9.34
-9.45
-9.73
-9.49
-9.57
-9.65
-9.53
-9.38
-9.38
-9.49
-9.38
-9.45
-9.53
-9.77
-9.61
-9.65
-9.61
-9.45
-9.3
-9.38
-9.53
-9.57
-9.49
-9.61
-9.61
-9.34
-9.38
-9.77
-10.04
-9.81
-9.85
-9.22
-8.39
-10.55
-9.89
-9.1
-9.61
-8.83
-8.2
-6.32
-5.1
-6.55
-7.96
-10.04
-8.94
-7.26
-7.18
-8.2
-6.79
-4.9
-9.38
-10.63
-9.38
-6.2
-7.53
-7.49
-9.06
-8.0
-6.75
-7.57
-7.92
-5.26
-6.67
-4.28
-4.86
-6.28
-8.39
-10.24
-9.14
-8.43
-10.43
-12.87
-20.01
-20.01
-20.01
-20.01
-20.01
-12.4
-14.83
20.01
1.06
-17.38
-20.01
-11.61
-3.53
-20.01
-12.0
1.06
-5.18
-9.89
-5.18
-1.61
6.2
7.65
13.89
18.48
20.01
20.01
18.04
14.51
12.63
11.61
8.71
6.28
1.29
-0.98
-3.88
-7.65
-7.14
-7.37
-8.55
-11.73
-18.63
-17.69
-14.08
-13.22
-11.45
-8.63
-15.73
-20.01
-20.01
17.18
-20.01
-20.01
20.01
20.01
20.01
-20.01
-20.01
0.71
2.43
-3.33
-10.55
-9.34
-5.84
-6.24
-7.96
-8.0
-8.04
-7.88
-7.65
-7.1
-6.98
-7.14
-7.73
-8.28
-8.28
-8.63
-8.75
-8.94
-9.49
-9.77
-9.85
-9.77
-10.0
-10.32
-10.32
-10.59
-10.4
-9.57
-9.14
-8.75
-8.79
-9.3
-9.49
-9.65
-9.38
-9.3
-9.1
-9.14
-9.38
-9.38
-9.57
-9.69
-9.69
-9.41
-9.49
-9.85
-9.69
-9.53
-9.45
-9.57
-9.89
-9.77
-9.89
-10.16
-10.08
-10.36
-10.63
-10.75
-10.83
-11.92
-11.3
-11.02
-10.94
-10.47
-8.12
-7.14
-7.34
-7.18
-6.0
-6.12
-7.1
-8.2
-8.16
-8.12
-8.47
-8.79
-10.04
-10.28
-10.04
-9.81
-8.94
-8.83
-12.43
-12.2
-11.02
-10.98
-6.79
-7.22
-10.47
-11.57
-9.77
-9.1
-9.41
-10.08
-9.77
-9.34
-8.94
-8.98
-9.34
-9.26
-9.14
-9.26
-9.53
-9.06
-8.9
-9.3
-9.14
-9.06
-9.49
-9.69
-9.14
-8.98
-9.45
-9.57
-9.53
-9.3
-9.34
-9.41
-8.9
-9.22
-9.61
-9.49
-9.49
-9.81
-9.73
-9.53
-9.3
-9.26
-8.98
-9.02
-9.06
-9.18
-9.92
-10.24
-9.85
-9.45
-9.53
-9.26
-9.34
-9.3
-9.3
-9.57
-9.77
-9.69
-9.81
-9.49
-9.3
-9.45
-9.77
-9.92
-10.16
-9.73
-9.34
-9.69
-9.69
-9.49
-9.69
-9.57
-9.65
-9.53
-9.61
-9.65
-9.65
-9.57
-9.65
-9.65
-9.65
-9.57
-9.61
-9.73
-9.73
-9.73
-9.69
-9.69
-9.61
-9.69
-9.65
-9.73
-9.57
-9.65
-9.69
-9.77
-9.61
-9.65
-9.57
-9.61
-9.73
-9.73
-9.57
-9.61
-9.53
-9.57
-9.61
-9.57
-9.65
-9.65
-9.61
-9.69
-9.61
-9.65
-9.69
-9.61
-9.53
-9.69
-9.65
-9.57
-9.69
-9.73
-9.61
-9.61
-9.77
-9.73
-9.69
-9.61
-9.69
-9.65
-9.73
-9.73
-9.65
-9.65
-9.69
-9.61
-9.57
-9.53
-9.65
-9.77
-9.65
-9.57
-9.57
-9.69
-9.53
-9.61
-9.73
-9.73
-9.69
-9.61
-9.77
-9.69
-9.61
-9.65
-9.69
-9.61
-9.61
-9.57
-9.65
-9.65
-9.65
-9.61
-9.57
-9.65
-9.65
-9.57
-9.69
-9.69
-9.65
-9.65
-9.65
-9.61
-9.65
-9.69
-9.65
-9.77
-9.65
-9.61
-9.69
-9.69
-9.69
-9.65
-9.69
-9.77
-9.69
-9.73
-9.65
-9.69
-9.73
-9.57
-9.65
-9.73
-9.65
-9.65
-9.57
-9.65
-9.65
-9.69
-9.69
-9.65
-9.65
-9.65
-9.61
-9.65
-9.73
-9.65
-9.57
-9.65
-9.65
-9.65
-9.73
-9.65
-9.69
-9.65
-9.65
-9.65
