1484499246.0
-10.0
-9.96
-10.0
-9.96
-9.96
-10.0
-10.0
-10.0
-9.96
-9.96
-10.0
-10.0
-9.96
-10.08
-10.04
-10.0
-9.96
-10.0
-9.96
-10.04
-9.96
-10.08
-10.0
-9.96
-9.92
-10.0
-9.96
-9.96
-9.96
-10.0
-10.04
-10.0
-10.0
-9.96
-10.0
-10.0
-10.0
-10.08
-9.96
-10.0
-10.04
-10.04
-10.0
-10.04
-10.04
-10.0
-9.96
-10.04
-10.0
-9.96
-10.04
-10.0
-10.0
-10.0
-10.0
-10.0
-10.0
-10.04
-9.92
-10.08
-10.0
-10.04
-9.96
-9.96
-10.04
-10.04
-10.0
-10.08
-10.0
-10.04
-9.96
-10.0
-10.0
-10.08
-10.04
-9.96
-10.0
-10.0
-10.0
-10.0
-10.0
-10.04
-10.04
-10.04
-10.08
-9.96
-10.0
-10.0
-10.0
-10.08
-10.12
-10.12
-10.08
-10.04
-10.04
-10.04
-10.12
-10.12
-10.04
-10.08
-10.0
-10.08
-10.16
-10.16
-10.2
-10.16
-10.55
-10.71
-10.63
-10.94
-10.83
-10.94
-10.94
-10.71
-10.71
-10.12
-9.89
-9.77
-9.57
-9.34
-9.49
-9.38
-10.16
-10.4
-10.12
-10.59
-10.9
-11.26
-11.45
-11.1
-10.67
-9.92
-9.57
-9.1
-8.28
-7.77
-7.1
-6.67
-6.35
-6.04
-5.81
-5.37
-5.22
-4.9
-4.94
-5.22
-5.57
-5.81
-6.0
-6.12
-6.94
-7.69
-8.2
-8.59
-9.41
-11.34
-13.53
-7.49
-8.67
-12.16
-9.61
-8.9
-13.1
-12.36
-9.3
-9.73
-10.47
-10.24
-9.92
-10.12
-10.12
-10.16
-10.36
-10.83
-15.02
-15.34
-9.14
-7.61
-9.26
-9.45
-8.98
-9.14
-9.49
-9.38
-9.22
-9.49
-9.57
-9.53
-9.61
-9.69
-9.69
-9.73
-9.77
-9.65
-9.81
-9.65
-9.61
-9.81
-9.77
-9.53
-9.49
-9.61
-9.57
-9.49
-9.65
-9.65
-9.65
-9.61
-9.57
-9.85
-9.85
-9.73
-9.69
-9.73
-9.65
-9.65
-9.81
-9.69
-9.69
-9.69
-9.77
-9.65
-9.65
-9.73
-9.81
-9.89
-9.73
-9.61
-9.69
-9.77
-9.81
-9.85
-9.92
-9.77
-9.81
-9.73
-9.81
-9.61
-9.73
-10.12
-10.04
-9.96
-10.0
-10.0
-9.92
-10.0
-10.04
-10.04
-10.2
-10.16
-10.32
-10.59
-10.51
-10.67
-10.83
-10.75
-10.63
-10.47
-9.89
-9.45
-9.34
-9.45
-9.22
-9.06
-9.3
-9.34
-9.3
-8.43
-8.67
-9.02
-9.14
-9.45
-9.34
-9.73
-9.77
-9.18
-8.51
-10.79
-10.47
-9.49
-9.65
-9.89
-11.49
-11.65
-10.83
-10.36
-10.0
-9.81
-9.85
-9.96
-9.92
-9.96
-9.92
-9.96
-10.12
-10.16
-10.12
-10.0
-10.04
-10.04
-10.0
-9.96
-10.0
-10.08
-10.04
-9.92
-10.0
-10.0
-9.96
-10.0
-9.92
-10.0
-10.0
-10.08
-9.96
-9.92
-9.92
-10.0
-10.0
-10.0
-9.92
-9.89
-9.92
-9.92
-9.96
-9.96
-9.96
-9.96
-9.89
-10.0
-9.92
-9.96
-10.0
-10.0
-9.92
-9.85
-9.92
-10.0
-9.96
-9.89
-9.92
-9.89
-9.92
-9.92
-9.89
-9.96
-9.96
-9.96
-9.89
-10.0
-9.96
-10.0
-10.0
-9.92
-9.92
-9.96
-9.92
-9.92
-9.89
-9.92
-9.92
-9.96
-10.0
-9.92
-9.92
-9.89
-9.96
-9.89
-9.85
-9.96
-9.89
-9.92
-9.92
-9.92
-9.92
-9.92
-9.85
-9.89
-9.85
-9.81
-9.96
-9.89
-9.85
-9.81
-9.89
-9.85
-9.89
-9.89
-9.96
-9.96
-9.92
-9.81
-9.81
-9.85
-9.81
-9.81
-9.81
-9.77
-9.73
-9.81
-9.77
-9.81
-9.81
-9.89
-9.77
-9.57
-9.69
-9.89
-9.65
-9.73
-9.69
-9.53
-9.57
-9.57
-9.53
-9.57
-9.53
-9.57
-9.61
-9.53
-9.69
-9.65
-9.61
-9.57
-9.41
-9.57
-9.61
-9.49
-9.57
-9.57
-9.92
-9.65
-9.85
-9.85
-9.65
-9.73
-9.45
-9.73
-9.61
-9.77
-9.85
-9.73
-9.61
-9.14
-8.98
-8.67
-8.83
-9.26
-9.45
-9.22
-9.49
-9.73
-10.12
-9.34
-9.22
-9.81
-9.53
-9.34
-9.41
-9.26
-9.61
-9.57
-9.3
-9.34
-9.45
-9.38
-9.26
-9.92
-10.08
-10.2
-9.69
-9.22
-9.49
-9.41
-9.45
-9.69
-9.77
-9.85
-9.81
-9.61
-9.53
-8.87
-8.98
-9.41
-9.3
-9.02
-8.55
-7.69
-10.36
-12.28
-10.4
-8.94
-9.81
-9.49
-9.1
-9.69
-9.73
-9.34
-9.18
-8.79
-9.26
-9.57
-9.53
-9.73
-10.0
-10.24
-9.45
-9.69
-9.69
-9.41
-9.49
-9.53
-9.49
-9.26
-9.22
-9.14
-9.77
-9.77
-9.3
-9.3
-9.45
-9.14
-9.18
-9.34
-9.61
-10.08
-10.12
-9.73
-9.45
-9.57
-9.34
-9.49
-9.22
-9.14
-9.22
-9.41
-9.22
-9.41
-9.41
-9.65
-9.45
-9.77
-9.65
-9.57
-9.41
-9.14
-9.57
-9.65
-9.77
-9.53
-9.61
-9.34
-9.85
-10.28
-9.45
-8.75
-9.69
-9.45
-8.94
-9.06
-9.06
-9.18
-9.49
-9.38
-9.02
-10.0
-9.26
-9.65
-9.89
-9.53
-9.38
-9.41
-9.3
-9.49
-9.69
-9.85
-9.77
-9.61
-9.65
-9.61
-9.38
-9.38
-9.65
-9.69
-9.14
-9.18
-9.06
-9.41
-9.34
-9.1
-9.06
-9.73
-9.22
-10.08
-10.04
-9.53
-9.45
-9.69
-9.34
-9.14
-9.38
-9.26
-9.34
-9.69
-9.85
-9.65
-9.45
-9.06
-9.77
-9.89
-9.06
-9.3
-10.0
-9.77
-9.69
-9.89
-9.89
-9.45
-9.18
-9.14
-8.9
-9.65
-9.89
-10.0
-9.81
-9.69
-9.38
-9.53
-9.77
-9.85
-9.41
-9.1
-8.51
-10.36
-11.3
-8.87
-8.04
-8.63
-10.4
-10.51
-10.16
-10.04
-5.14
-9.14
-11.34
-11.26
-9.34
-9.06
-8.83
-6.94
-7.1
-8.43
-11.45
-11.45
-9.14
-10.43
-9.92
-9.26
-8.98
-9.22
-9.38
-9.26
-9.06
-9.18
-9.41
-10.2
-9.77
-8.94
-9.81
-9.69
-9.34
-9.26
-9.26
-9.38
-9.57
-9.85
-9.73
-9.77
-9.26
-9.41
-9.49
-9.41
-9.22
-9.34
-9.77
-9.34
-9.26
-9.45
-9.49
-9.77
-10.28
-10.12
-9.38
-10.0
-9.18
-9.34
-9.49
-9.34
-9.26
-9.61
-9.41
-9.41
-9.53
-9.96
-9.65
-9.26
-9.38
-9.45
-9.65
-9.45
-9.34
-9.38
-9.45
-9.61
-9.45
-9.49
-9.45
-9.38
-9.45
-9.65
-9.3
-9.45
-9.38
-9.45
-9.53
-9.49
-9.45
-9.38
-9.73
-9.49
-9.38
-9.38
-9.41
-9.57
-9.49
-9.41
-9.45
-9.34
-9.14
-9.41
-9.06
-9.53
-9.96
-9.61
-9.65
-9.81
-9.45
-9.38
-9.38
-9.3
-9.53
-9.65
-9.53
-9.81
-9.61
-9.49
-9.41
-9.18
-9.18
-9.3
-9.41
-9.96
-9.89
-9.89
-9.34
-9.3
-9.53
-9.3
-9.3
-9.57
-9.73
-9.3
-9.38
-9.41
-9.61
-9.61
-9.57
-9.53
-9.49
-9.45
-9.53
-9.3
-9.45
-9.34
-9.41
-9.65
-9.69
-9.53
-9.53
-9.38
-9.38
-9.45
-9.45
-9.41
-9.26
-9.85
-9.77
-9.38
-9.45
-9.18
-8.98
-8.67
-8.9
-10.04
-10.2
-8.94
-8.94
-9.53
-9.26
-9.26
-9.41
-9.61
-10.16
-10.04
-8.79
-8.94
-9.3
-9.41
-9.57
-9.49
-9.38
-9.34
-9.41
-9.61
-9.65
-9.41
-9.77
-9.77
-9.38
-9.49
-9.38
-9.3
-9.18
-9.14
-9.41
-9.34
-9.22
-9.69
-9.89
-9.34
-9.38
-10.12
-9.41
-9.14
-9.65
-9.57
-9.57
-9.06
-8.83
-9.65
-9.45
-9.69
-9.38
-9.26
-10.08
-10.0
-9.26
-9.14
-8.16
-9.1
-9.18
-9.18
-9.69
-9.73
-8.83
-9.73
-9.96
-9.85
-9.34
-8.79
-10.16
-10.55
-8.43
-9.41
-9.77
-9.57
-9.18
-10.08
-9.69
-8.51
-7.92
-8.47
-10.28
-10.04
-10.0
-9.02
-9.22
-9.3
-9.57
-9.96
-10.04
-9.61
-8.47
-8.94
-9.85
-10.0
-10.24
-9.14
-9.14
-9.06
-9.02
-9.73
-9.61
-9.73
-9.61
-9.53
-9.34
-9.34
-9.41
-9.49
-9.49
-9.49
-9.38
-9.3
-9.49
-9.57
-9.57
-9.34
-9.41
-9.38
-9.41
-9.45
-9.45
-9.38
-9.53
-9.49
-9.53
-9.61
-9.41
-9.49
-9.45
-9.41
-9.53
-9.53
-9.41
-9.41
-9.53
-9.49
-9.49
-9.49
-9.34
-9.34
-9.45
-9.53
-9.45
-9.41
-9.53
-9.53
-9.53
-9.41
-9.53
-9.61
-9.49
-9.53
-9.49
-9.45
-9.45
-9.53
-9.49
-9.49
-9.49
-9.41
-9.53
-9.49
-9.49
-9.57
-9.53
-9.53
-9.34
-9.53
-9.38
-9.57
-9.53
-9.57
-9.53
-9.53
-9.49
-9.41
-9.57
-9.61
-9.49
-9.49
-9.45
-9.49
-9.65
-9.49
-9.49
-9.49
-9.61
-9.61
-9.57
-9.53
-9.65
-9.69
-9.61
-9.57
-9.57
-9.57
-9.61
-9.69
-9.61
-9.65
-9.69
-9.53
-9.61
-9.57
-9.57
-9.65
-9.61
-9.69
-9.73
-9.77
-9.69
-9.65
-9.61
-9.85
-9.65
-9.65
-9.73
-9.69
-9.77
-9.73
-9.77
-9.77
-9.73
-9.85
-9.85
-9.81
-9.77
-9.89
-9.89
-9.89
-9.81
-9.89
-9.92
-9.96
-10.0
-9.96
-9.96
-10.12
-10.4
-10.36
-10.2
-10.47
-10.51
-10.59
-10.71
-10.87
-11.41
-11.34
-10.94
-10.79
-10.83
-10.83
-10.79
-10.2
-10.16
-10.36
-10.28
-10.24
-10.36
-10.4
-9.61
-9.14
-8.94
-8.9
-8.59
-7.57
-7.65
-8.47
-9.22
-8.63
-6.67
-6.16
-6.98
-7.77
-9.41
-10.0
-9.81
-9.14
-9.3
-9.22
-9.14
-9.61
-9.89
-10.08
-10.16
-10.28
-10.36
-10.55
-10.79
-10.9
-10.75
-10.32
-10.4
-10.83
-10.67
-9.92
-9.85
-10.0
-10.12
-10.0
-9.65
-9.65
-9.41
-9.06
-8.63
-10.79
-12.32
-9.02
-9.85
-10.87
-10.08
-9.77
-9.69
-9.49
-10.04
-10.63
-10.12
-9.89
-10.51
-10.87
-10.36
-10.59
-10.87
-9.85
-9.45
-9.49
-9.38
-9.49
-9.61
-9.69
-9.73
-9.89
-9.96
-10.08
-9.92
-9.69
-9.81
-9.77
-9.85
-9.57
-9.65
-9.53
-9.81
-10.0
-10.0
-9.61
-9.73
-9.65
-9.45
-9.85
-9.92
-9.92
-9.89
-9.96
-9.61
-9.77
-9.61
-9.65
-9.81
-9.85
-9.81
-9.65
-9.61
-9.69
-9.85
-9.85
-9.69
-9.69
-9.85
-9.89
-9.92
-9.77
-9.92
-9.92
-9.96
-9.77
-9.77
-9.96
-10.08
-10.08
-9.85
-9.85
-9.81
-9.77
-9.85
-9.92
-10.0
-10.12
-10.16
-10.2
-10.08
-10.04
-10.12
-10.16
-10.2
-10.08
-9.92
-9.81
-9.77
-9.85
-10.04
-10.12
-10.28
-10.47
-10.28
-10.2
-10.36
-10.28
-10.28
-10.2
-10.08
-9.96
-9.81
-9.61
-9.81
-9.69
-9.69
-9.77
-9.77
-9.85
-10.16
-10.24
-10.0
-10.08
-10.08
-10.08
-10.08
-9.85
-9.92
-9.85
-9.77
-9.61
-9.57
-9.61
-9.53
-9.57
-9.53
-9.45
-9.65
-9.85
-9.85
-9.61
-9.61
-10.16
-10.47
-10.36
-10.55
-10.32
-10.4
-10.67
-10.63
-10.36
-10.16
-10.2
-10.16
-9.85
-9.81
-9.92
-10.16
-10.24
-10.24
-10.24
-10.12
-10.04
-10.12
-10.12
-10.08
-10.12
-10.12
-10.04
-10.0
-10.16
-10.04
-10.08
-10.0
-10.04
-10.0
-9.96
-10.04
-9.92
-10.04
-9.92
-9.96
-9.89
-10.0
-9.96
-10.08
-10.0
-10.0
-9.96
-9.92
-9.96
-9.96
-10.0
-9.96
-10.04
-10.04
-10.04
-9.89
-9.89
-9.92
-9.89
-9.92
-9.89
-9.96
-9.92
-9.89
-9.96
-9.96
-9.96
-9.89
-9.85
-9.81
-9.92
-9.96
-9.92
-9.81
-9.89
-9.92
-9.92
-9.89
-9.89
-9.89
-9.92
-9.85
-9.81
-9.89
-9.81
-9.92
-9.96
-9.92
-9.85
-9.85
-9.89
-9.89
-9.96
-9.96
-9.92
-9.89
-9.89
-9.89
-9.96
-9.89
-9.92
-9.85
-9.89
-9.89
-9.89
-9.96
-9.92
-9.89
-9.92
-9.89
-9.96
-9.96
-9.92
-9.89
-9.89
-9.92
-9.89
-10.0
-9.92
-9.96
-9.92
-9.92
-9.92
-9.92
-9.89
-9.92
-9.89
-9.92
-9.85
-9.92
-9.89
-9.92
-9.96
-9.89
-9.85
-9.92
-9.92
-9.96
-9.92
-9.89
-9.92
-9.92
-9.85
-9.85
-9.85
-9.89
-9.85
-10.0
-9.92
-9.85
-9.85
-9.96
-9.85
-9.81
-9.92
-9.92
-9.81
-9.81
-9.85
-9.77
-9.85
-9.89
-9.73
-9.69
-9.73
-9.69
-9.73
-9.69
-9.73
-9.85
-9.81
-9.73
-9.73
-9.69
-9.85
-9.85
-9.69
-9.81
-9.65
-9.61
-9.65
-9.61
-9.73
-9.69
-9.77
-9.57
-9.65
-9.57
-9.61
-9.61
-9.73
-9.81
-9.92
-9.77
-9.53
-9.45
-9.69
-9.73
-9.65
-9.69
-9.81
-9.77
-9.69
-9.73
-9.73
-9.73
-9.69
-9.85
-9.81
-9.81
-9.81
-9.77
-9.73
-9.81
-9.73
-9.81
-9.69
-9.89
-9.81
-9.85
-9.81
-9.89
-9.77
-9.77
-9.85
-9.89
-9.85
-9.81
-9.85
-9.85
-9.85
-9.92
-9.73
-9.81
-9.81
-9.96
-9.92
-9.81
-9.89
-9.92
-9.92
-9.85
-9.85
-9.96
-9.92
-9.92
-9.85
-9.89
-9.81
-9.89
-9.81
-9.81
-9.81
-9.89
-9.92
-9.81
-9.92
-9.92
-9.89
-9.92
-9.92
-9.89
-9.92
-9.85
-9.89
-9.81
-9.89
-9.96
-9.96
-9.89
-9.89
-9.85
-9.85
-9.89
-9.89
-9.89
-9.92
-9.85
-9.85
-9.96
-9.85
-9.96
-9.85
-9.85
-9.85
-9.89
-9.89
-9.89
-9.89
-9.85
-9.89
-9.89
-9.81
-9.89
-9.89
-9.89
-9.89
-9.89
-9.85
-9.92
-10.0
-9.96
-9.92
-9.96
-9.92
-9.92
-9.85
-9.85
-9.85
-9.92
-9.85
-9.89
-9.96
-9.92
-9.92
-9.89
-9.85
-9.96
-9.89
-9.81
-9.85
-9.92
-9.85
-9.77
-9.89
-9.96
-9.77
-9.89
-9.85
-9.92
-9.96
-9.96
-9.89
-9.92
-9.89
-9.77
-9.92
-9.92
-9.89
-9.89
-10.04
-9.92
-9.85
-9.85
-9.89
-9.85
-9.85
-9.92
-9.89
-9.89
-9.85
-9.85
-9.81
-9.92
-9.92
-9.92
-9.96
-9.85
-9.89
-9.73
-9.92
-9.81
-9.96
-9.81
-9.85
-9.81
-9.89
-9.89
-9.89
-9.92
-9.96
-9.89
-9.92
-9.81
-9.85
-9.73
-9.77
-10.08
-10.08
-9.73
-10.0
-9.85
-9.92
-9.96
-10.0
-9.81
-9.85
-9.92
-9.81
-9.92
-9.85
-9.89
-10.0
-9.89
-9.89
-9.96
-9.89
-9.77
-9.77
-9.89
-9.89
-9.89
-9.85
-9.85
-9.81
-9.89
-9.89
-9.89
-9.85
-9.81
-9.96
-9.92
-9.96
-9.81
-9.89
-9.89
-9.92
-10.0
-9.96
-9.89
-9.92
-9.92
-9.85
-9.92
-9.96
-9.89
-9.73
-9.81
-9.85
-9.85
-9.89
-9.96
-9.89
-9.89
-9.81
-9.89
-9.96
-9.89
-9.92
-9.89
-9.89
-9.89
-9.92
-9.85
-9.77
-9.89
-9.85
-9.73
-10.0
-10.0
-10.04
-9.96
-9.85
-10.0
-9.81
-9.77
-9.85
-9.69
-9.85
-9.89
-9.73
-9.81
-10.0
-9.89
-9.89
-9.77
-9.89
-9.89
-9.69
-9.77
-9.89
-9.96
-10.08
-9.96
-9.89
-9.85
-10.04
-9.81
-10.12
-9.14
-8.32
-7.69
-7.77
-7.49
-7.14
-8.79
-10.24
-10.71
-7.96
-5.73
-5.88
-9.89
-16.36
-8.51
-4.08
-6.79
-9.57
-9.22
-8.63
-8.32
-8.28
-9.45
-11.06
-9.73
-6.28
-4.79
-2.63
-4.04
-5.49
-8.67
-7.96
-4.24
-3.69
-8.75
-12.08
-14.0
-13.38
-13.85
-16.71
-18.83
-20.01
-20.01
-20.01
-20.01
-20.01
5.45
20.01
20.01
-11.65
-20.01
-20.01
-14.91
-16.95
-19.97
-20.01
-10.36
-6.2
5.22
8.59
3.57
3.02
5.22
8.43
9.34
10.63
10.9
9.18
7.69
6.63
4.08
2.12
-1.18
-3.41
-7.37
-7.3
-4.59
-4.63
-6.79
-13.34
-16.75
-15.77
-12.28
-10.63
-7.34
-2.51
-6.71
-11.02
-20.01
-20.01
-20.01
-20.01
-3.53
9.26
19.38
-16.28
-20.01
-20.01
-5.57
-8.79
-12.55
-10.87
-6.79
-7.49
-8.9
-9.89
-9.14
-8.59
-8.36
-8.08
-7.45
-7.22
-7.37
-7.92
-8.2
-7.81
-7.88
-8.87
-9.65
-10.04
-9.69
-9.61
-9.53
-9.38
-9.89
-10.08
-9.92
-9.73
-9.73
-9.73
-9.77
-10.2
-9.85
-9.89
-9.89
-9.61
-9.53
-10.04
-10.55
-10.4
-9.96
-9.92
-9.69
-9.61
-9.57
-10.04
-10.36
-9.89
-9.49
-9.45
-9.41
-9.73
-9.3
-9.41
-10.0
-9.89
-10.12
-9.73
-9.49
-10.04
-10.04
-10.24
-10.04
-10.08
-10.16
-10.0
-10.24
-10.08
-9.85
-9.73
-9.77
-9.85
-9.73
-9.89
-10.12
-9.57
-9.57
-9.77
-10.08
-10.12
-9.69
-9.49
-10.36
-9.85
-9.81
-9.81
-9.38
-9.26
-10.0
-10.2
-10.28
-10.75
-11.26
-11.53
-10.94
-10.43
-9.96
-10.32
-10.43
-9.49
-8.98
-8.98
-8.55
-8.32
-9.41
-10.04
-10.16
-10.24
-11.02
-10.87
-9.89
-9.45
-9.22
-8.51
-8.79
-10.32
-9.53
-8.43
-8.71
-9.41
-11.73
-11.1
-9.26
-9.81
-10.4
-9.69
-9.18
-9.89
-9.85
-9.57
-9.53
-10.04
-10.16
-10.2
-10.12
-9.96
-9.73
-9.89
-9.53
-9.45
-9.57
-9.96
-10.04
-10.0
-10.0
-9.77
-9.92
-10.0
-9.73
-9.96
-10.12
-9.85
-9.69
-10.04
-9.96
-9.81
-10.0
-9.77
-9.69
-9.65
-9.77
-9.69
-9.81
-9.89
-9.73
-9.65
-9.77
-9.65
-9.77
-9.77
-9.65
-9.73
-9.61
-9.85
-9.92
-9.89
-9.65
-9.61
-9.65
-9.77
-9.81
-9.65
-9.61
-9.65
-9.69
-9.73
-9.77
-9.69
-9.65
-9.73
-9.65
-9.53
-9.77
-9.77
-9.69
-9.65
-9.73
-9.69
-9.69
-9.61
-9.65
-9.65
-9.73
-9.73
-9.69
-9.65
-9.65
-9.61
-9.65
-9.57
-9.69
-9.69
-9.65
-9.45
-9.61
-9.65
-9.61
-9.57
-9.89
-9.77
-9.73
-9.81
-9.61
-9.77
-9.81
-9.73
-9.73
-9.65
-9.73
-9.73
-9.65
-9.61
-9.49
-9.57
-9.69
-9.65
-9.65
-9.73
-9.73
-9.85
-9.77
-9.69
-9.69
-9.73
-9.77
-9.73
-9.73
-9.81
-9.73
