2067212.0
2067225.0
2067239.0
2067253.0
2067267.0
2067281.0
2067295.0
2067309.0
2067323.0
2067337.0
2067351.0
2067365.0
2067379.0
2067392.0
2067405.0
2067418.0
2067431.0
2067444.0
2067457.0
2067470.0
2067483.0
2067496.0
2067509.0
2067522.0
2067535.0
2067548.0
2067561.0
2067574.0
2067587.0
2067902.0
2068014.0
2068027.0
2068209.0
2069061.0
2069087.0
2069101.0
2069115.0
2069129.0
2069143.0
2069157.0
2069171.0
2069185.0
2069199.0
2069213.0
2069227.0
2069241.0
2069255.0
2069269.0
2069283.0
2069297.0
2069311.0
2069325.0
2069339.0
2069353.0
2069367.0
2069381.0
2069395.0
2069409.0
2069423.0
2069436.0
2069449.0
2069462.0
2069475.0
2069488.0
2069501.0
2069514.0
2069527.0
2069540.0
2069553.0
2069566.0
2069579.0
2069592.0
2069605.0
2069618.0
2069631.0
2070492.0
2070523.0
2070537.0
2070551.0
2070565.0
2070579.0
2070593.0
2070607.0
2070621.0
2070635.0
2070649.0
2070663.0
2070677.0
2070691.0
2070705.0
2070719.0
2070733.0
2070747.0
2070761.0
2070774.0
2070787.0
2070801.0
2070814.0
2070831.0
2070845.0
2070859.0
2070873.0
2070887.0
2070901.0
2070915.0
2070929.0
2070943.0
2070957.0
2070971.0
2070985.0
2070999.0
2071013.0
2071027.0
2071041.0
2071055.0
2071069.0
2071083.0
2071097.0
2071111.0
2071125.0
2071139.0
2071153.0
2071167.0
2071181.0
2071195.0
2071209.0
2071223.0
2071237.0
2071251.0
2071265.0
2071279.0
2071293.0
2071307.0
2071320.0
2071335.0
2071349.0
2071363.0
2071377.0
2071391.0
2071405.0
2071419.0
2071433.0
2071447.0
2071461.0
2071475.0
2071488.0
2071503.0
2071517.0
2071531.0
2071544.0
2071557.0
2071570.0
2071587.0
2071601.0
2071615.0
2071629.0
2071643.0
2071657.0
2071671.0
2071684.0
2071697.0
2071710.0
2071723.0
2071736.0
2071749.0
2071762.0
2071775.0
2071788.0
2071801.0
2071814.0
2071827.0
2071840.0
2071853.0
2071866.0
2071879.0
2071959.0
2072258.0
2072612.0
2072642.0
2072656.0
2072669.0
2072682.0
2072695.0
2072708.0
2072721.0
2072734.0
2072747.0
2072760.0
2072773.0
2072786.0
2072799.0
2072812.0
2072825.0
2072838.0
2072851.0
2072864.0
2072928.0
2072944.0
2072957.0
2073959.0
2073976.0
2073994.0
2074018.0
2074032.0
2074045.0
2074060.0
2074074.0
2074088.0
2074102.0
2074116.0
2074129.0
2074142.0
2074158.0
2074172.0
2074186.0
2074199.0
2074214.0
2074228.0
2074242.0
2074256.0
2074270.0
2074284.0
2074298.0
2074312.0
2074326.0
2074340.0
2074354.0
2074368.0
2074382.0
2074396.0
2074410.0
2074424.0
2074438.0
2074451.0
2074464.0
2074480.0
2074494.0
2074507.0
2074522.0
2074536.0
2074550.0
2074564.0
2074578.0
2074592.0
2074606.0
2074619.0
2074632.0
2074646.0
2074659.0
2074676.0
2074690.0
2074704.0
2074718.0
2074732.0
2074746.0
2074760.0
2074773.0
2074788.0
2074802.0
2074815.0
2074829.0
2074844.0
2074858.0
2074872.0
2074886.0
2074899.0
2074912.0
2074925.0
2074938.0
2074951.0
2074964.0
2074977.0
2074990.0
2075003.0
2075016.0
2075029.0
2075042.0
2075055.0
2075068.0
2075081.0
2075094.0
2075224.0
2075242.0
2075255.0
2075268.0
2075281.0
2075574.0
2075617.0
2075894.0
2077450.0
2077463.0
2077476.0
2077489.0
2077502.0
2077515.0
2077528.0
2077541.0
2077554.0
2077567.0
2077580.0
2077593.0
2077606.0
2077619.0
2077632.0
2077645.0
2077658.0
2077743.0
2077773.0
2077803.0
2077817.0
2077831.0
2077845.0
2077859.0
2077873.0
2077886.0
2077899.0
2077914.0
2077928.0
2077943.0
2077956.0
2077971.0
2077985.0
2077998.0
2078013.0
2078027.0
2078040.0
2078055.0
2078069.0
2078083.0
2078097.0
2078111.0
2078125.0
2078139.0
2078153.0
2078167.0
2078181.0
2078195.0
2078209.0
2078223.0
2078237.0
2078251.0
2078265.0
2078279.0
2078293.0
2078307.0
2078321.0
2078335.0
2078349.0
2078363.0
2078377.0
2078391.0
2078405.0
2078419.0
2078433.0
2078447.0
2078461.0
2078474.0
2078489.0
2078503.0
2078517.0
2078531.0
2078545.0
2078559.0
2078573.0
2078587.0
2078601.0
2078615.0
2078629.0
2078642.0
2078657.0
2078671.0
2078685.0
2078699.0
2078713.0
2078727.0
2078741.0
2078755.0
2078769.0
2078783.0
2078797.0
2078810.0
2078823.0
2078836.0
2078849.0
2078862.0
2078875.0
2078888.0
2078901.0
2078914.0
2078927.0
2078943.0
2078956.0
2078969.0
2078982.0
2078995.0
2079008.0
2079021.0
2079034.0
2079047.0
2079276.0
2079901.0
2079935.0
2079953.0
2079980.0
2079993.0
2080008.0
2080022.0
2080036.0
2080050.0
2080064.0
2080078.0
2080092.0
2080106.0
2080120.0
2080134.0
2080148.0
2080162.0
2080176.0
2080190.0
2080204.0
2080218.0
2080232.0
2080246.0
2080260.0
2080274.0
2080288.0
2080302.0
2080316.0
2080330.0
2080344.0
2080358.0
2080372.0
2080386.0
2080400.0
2080414.0
2080428.0
2080441.0
2080454.0
2080467.0
2080480.0
2080493.0
2080506.0
2080519.0
2080532.0
2080545.0
2080558.0
2080571.0
2080584.0
2080597.0
2080610.0
2080623.0
2080636.0
2081223.0
2081991.0
2082004.0
2082017.0
2082043.0
2082056.0
2082071.0
2082086.0
2082099.0
2082113.0
2082130.0
2082143.0
2082157.0
2082171.0
2082185.0
2082199.0
2082213.0
2082226.0
2082241.0
2082254.0
2082268.0
2082282.0
2082296.0
2082309.0
2082322.0
2082337.0
2082351.0
2082365.0
2082378.0
2082395.0
2082410.0
2082423.0
2082437.0
2082451.0
2082466.0
2082479.0
2082493.0
2082507.0
2082520.0
2082534.0
2082549.0
2082562.0
2082576.0
2082591.0
2082605.0
2082620.0
2082634.0
2082648.0
2082662.0
2082676.0
2082690.0
2082704.0
2082718.0
2082731.0
2082744.0
2082757.0
2082773.0
2082788.0
2082802.0
2082816.0
2082830.0
2082844.0
2082858.0
2082872.0
2082886.0
2082900.0
2082914.0
2082928.0
2082942.0
2082956.0
2082970.0
2082984.0
2082998.0
2083012.0
2083026.0
2083040.0
2083054.0
2083068.0
2083082.0
2083096.0
2083110.0
2083124.0
2083138.0
2083152.0
2083165.0
2083178.0
2083194.0
2083208.0
2083222.0
2083236.0
2083250.0
2083264.0
2083277.0
2083290.0
2083306.0
2083320.0
2083334.0
2083348.0
2083362.0
2083376.0
2083390.0
2083403.0
2083416.0
2083429.0
2083442.0
2083455.0
2083468.0
2083481.0
2083494.0
2083507.0
2083520.0
2083533.0
2083546.0
2083559.0
2083572.0
2083585.0
2083598.0
2083614.0
2083629.0
2083642.0
2083655.0
2083668.0
2085036.0
2085063.0
2085078.0
2085091.0
2085104.0
2085120.0
2085134.0
2085148.0
2085162.0
2085176.0
2085189.0
2085203.0
2085218.0
2085232.0
2085246.0
2085260.0
2085274.0
2085288.0
2085302.0
2085316.0
2085330.0
2085344.0
2085358.0
2085372.0
2085386.0
2085400.0
2085414.0
2085428.0
2085442.0
2085456.0
2085470.0
2085484.0
2085498.0
2085512.0
2085526.0
2085540.0
2085554.0
2085568.0
2085582.0
2085595.0
2085610.0
2085624.0
2085638.0
2085652.0
2085665.0
2085678.0
2085694.0
2085708.0
2085722.0
2085736.0
2085750.0
2085764.0
2085778.0
2085792.0
2085806.0
2085820.0
2085833.0
2085846.0
2085859.0
2085872.0
2085885.0
2085898.0
2085911.0
2085924.0
2085937.0
2085950.0
2085963.0
2085976.0
2085989.0
2086002.0
2086015.0
2086028.0
2086048.0
2086065.0
2086078.0
2086091.0
2086453.0
2086484.0
2086498.0
2086512.0
2086526.0
2086540.0
2086554.0
2086568.0
2086582.0
2086596.0
2086610.0
2086624.0
2086638.0
2086652.0
2086666.0
2086680.0
2086694.0
2086708.0
2086722.0
2086736.0
2086750.0
2086764.0
2086778.0
2086792.0
2086806.0
2086820.0
2086833.0
2086846.0
2086859.0
2086872.0
2086885.0
2086898.0
2086911.0
2086924.0
2086937.0
2086950.0
2086963.0
2086976.0
2086989.0
2087002.0
2087015.0
2087028.0
2087074.0
2087087.0
2087100.0
2087483.0
2087496.0
2087509.0
2087522.0
2087535.0
2087548.0
2087948.0
2087978.0
2087992.0
2088006.0
2088020.0
2088034.0
2088048.0
2088062.0
2088076.0
2088090.0
2088104.0
2088118.0
2088132.0
2088146.0
2088160.0
2088174.0
2088188.0
2088202.0
2088216.0
2088230.0
2088244.0
2088258.0
2088272.0
2088286.0
2088300.0
2088314.0
2088328.0
2088342.0
2088356.0
2088370.0
2088384.0
2088398.0
2088411.0
2088424.0
2088440.0
2088454.0
2088467.0
2088480.0
2088496.0
2088510.0
2088524.0
2088538.0
2088552.0
2088566.0
2088580.0
2088594.0
2088608.0
2088622.0
2088636.0
2088650.0
2088664.0
2088678.0
2088692.0
2088706.0
2088719.0
2088734.0
2088748.0
2088762.0
2088776.0
2088790.0
2088804.0
2088818.0
2088832.0
2088846.0
2088860.0
2088874.0
2088888.0
2088902.0
2088916.0
2088930.0
2088944.0
2088958.0
2088972.0
2088986.0
2089000.0
2089013.0
2089026.0
2089041.0
2089056.0
2089070.0
2089084.0
2089098.0
2089112.0
2089126.0
2089140.0
2089154.0
2089168.0
2089182.0
2089196.0
2089210.0
2089224.0
2089238.0
2089252.0
2089266.0
2089280.0
2089294.0
2089308.0
2089322.0
2089336.0
2089350.0
2089363.0
2089378.0
2089392.0
2089406.0
2089420.0
2089434.0
2089448.0
2089462.0
2089476.0
2089490.0
2089503.0
2089517.0
2089531.0
2089544.0
2089560.0
2089574.0
2089588.0
2089602.0
2089616.0
2089630.0
2089644.0
2089658.0
2089672.0
2089686.0
2089700.0
2089713.0
2089726.0
2089742.0
2089756.0
2089770.0
2089784.0
2089798.0
2089812.0
2089826.0
2089840.0
2089854.0
2089868.0
2089882.0
2089896.0
2089910.0
2089924.0
2089938.0
2089952.0
2089966.0
2089980.0
2089993.0
2090006.0
2090022.0
2090036.0
2090050.0
2090064.0
2090077.0
2090092.0
2090106.0
2090120.0
2090134.0
2090147.0
2090160.0
2090176.0
2090190.0
2090204.0
2090218.0
2090232.0
2090246.0
2090260.0
2090274.0
2090288.0
2090302.0
2090316.0
2090330.0
2090344.0
2090358.0
2090372.0
2090385.0
2090398.0
2090414.0
2090428.0
2090442.0
2090456.0
2090470.0
2090484.0
2090498.0
2090512.0
2090526.0
2090540.0
2090554.0
2090568.0
2090582.0
2090596.0
2090610.0
2090624.0
2090638.0
2090652.0
2090666.0
2090680.0
2090694.0
2090708.0
2090722.0
2090736.0
2090750.0
2090764.0
2090778.0
2090791.0
2090804.0
2090818.0
2090834.0
2090848.0
2090862.0
2090876.0
2090889.0
2090902.0
2090915.0
2090928.0
2090941.0
2090954.0
2090967.0
2090980.0
2090993.0
2091006.0
2091030.0
2091044.0
2091058.0
2091072.0
2091086.0
2091100.0
2091114.0
2091128.0
2091142.0
2091156.0
2091170.0
2091184.0
2091198.0
2091212.0
2091226.0
2091240.0
2091254.0
2091268.0
2091281.0
2091296.0
2091310.0
2091324.0
2091338.0
2091352.0
2091366.0
2091380.0
2091394.0
2091408.0
2091422.0
2091436.0
2091450.0
2091464.0
2091478.0
2091492.0
2091506.0
2091520.0
2091534.0
2091548.0
2091562.0
2091576.0
2091590.0
2091604.0
2091618.0
2091632.0
2091646.0
2091660.0
2091674.0
2091688.0
2091702.0
2091716.0
2091730.0
2091744.0
2091758.0
2091772.0
2091786.0
2091800.0
2091814.0
2091828.0
2091842.0
2091856.0
2091870.0
2091884.0
2091898.0
2091912.0
2091926.0
2091940.0
2091954.0
2091968.0
2091982.0
2091996.0
2092010.0
2092024.0
2092038.0
2092052.0
2092066.0
2092080.0
2092094.0
2092108.0
2092122.0
2092136.0
2092150.0
2092164.0
2092178.0
2092192.0
2092206.0
2092220.0
2092234.0
2092248.0
2092262.0
2092276.0
2092290.0
2092304.0
2092318.0
2092332.0
2092346.0
2092360.0
2092374.0
2092388.0
2092402.0
2092416.0
2092430.0
2092444.0
2092458.0
2092472.0
2092486.0
2092500.0
2092514.0
2092528.0
2092542.0
2092555.0
2092568.0
2092584.0
2092598.0
2092612.0
2092626.0
2092640.0
2092654.0
2092668.0
2092682.0
2092696.0
2092710.0
2092724.0
2092738.0
2092752.0
2092766.0
2092780.0
2092794.0
2092808.0
2092822.0
2092836.0
2092850.0
2092864.0
2092878.0
2092892.0
2092906.0
2092920.0
2092934.0
2092948.0
2092962.0
2092976.0
2092990.0
2093004.0
2093018.0
2093032.0
2093046.0
2093060.0
2093074.0
2093088.0
2093102.0
2093116.0
2093130.0
2093144.0
2093158.0
2093172.0
2093186.0
2093200.0
2093214.0
2093228.0
2093242.0
2093256.0
2093270.0
2093284.0
2093298.0
2093312.0
2093326.0
2093340.0
2093354.0
2093368.0
2093382.0
2093396.0
2093410.0
2093424.0
2093438.0
2093452.0
2093466.0
2093480.0
2093494.0
2093508.0
2093521.0
2093535.0
2093548.0
2093564.0
2093578.0
2093592.0
2093606.0
2093620.0
2093634.0
2093648.0
2093662.0
2093676.0
2093690.0
2093704.0
2093718.0
2093731.0
2093744.0
2093757.0
2093770.0
2093783.0
2093796.0
2093809.0
2093822.0
2093835.0
2093848.0
2093861.0
2093874.0
2093887.0
2093900.0
2093913.0
2093926.0
2095207.0
2095262.0
2095283.0
2095296.0
2095309.0
2095322.0
2095335.0
2095348.0
2095421.0
2095442.0
2095455.0
2095468.0
2095481.0
2095494.0
2095507.0
2095520.0
2095533.0
2095889.0
2096188.0
2096234.0
2096265.0
2096279.0
2096293.0
2096307.0
2096320.0
2096335.0
2096349.0
2096363.0
2096376.0
2096390.0
2096403.0
2096416.0
2096429.0
2096442.0
2096455.0
2096468.0
2096481.0
2096494.0
2096507.0
2096520.0
2096533.0
2096546.0
2096559.0
2096572.0
2096909.0
2096944.0
2096965.0
2096978.0
2096991.0
2097004.0
2097017.0
2097030.0
2097043.0
2097617.0
2097979.0
2097997.0
2098010.0
2098023.0
2098142.0
2098170.0
2098183.0
2098200.0
2098214.0
2098228.0
2098242.0
2098256.0
2098270.0
2098284.0
2098298.0
2098312.0
2098326.0
2098340.0
2098354.0
2098368.0
2098381.0
2098395.0
2098409.0
2098424.0
2098438.0
2098451.0
2098464.0
2098477.0
2098490.0
2098503.0
2098516.0
2098529.0
2098542.0
2098555.0
2098568.0
2098581.0
2098594.0
2098607.0
2098620.0
2098633.0
2098646.0
2098949.0
2098979.0
2098999.0
2099012.0
2099025.0
2099038.0
2099051.0
2099899.0
2099912.0
2099925.0
2099938.0
2099951.0
2099965.0
2099993.0
2100006.0
2100019.0
2100032.0
2100045.0
2100058.0
2100071.0
2100084.0
2100097.0
2100120.0
2100134.0
2100148.0
2100162.0
2100176.0
2100190.0
2100204.0
2100218.0
2100232.0
2100245.0
2100258.0
2100275.0
2100289.0
2100303.0
2100317.0
2100331.0
2100345.0
2100359.0
2100373.0
2100387.0
2100401.0
2100415.0
2100429.0
2100443.0
2100457.0
2100471.0
2100485.0
2100499.0
2100513.0
2100526.0
2100539.0
2100552.0
2100565.0
2100578.0
2100591.0
2100604.0
2100617.0
2100630.0
2100643.0
2100656.0
2100669.0
2100682.0
2100695.0
2100708.0
2100721.0
2101101.0
2101826.0
2101858.0
2101872.0
2101886.0
2101900.0
2101914.0
2101927.0
2101940.0
2101956.0
2101969.0
2101982.0
2101995.0
2102008.0
2102021.0
2102034.0
2102047.0
2102060.0
2102073.0
2102086.0
2102099.0
2102112.0
2102125.0
2102138.0
2102151.0
2102164.0
2102940.0
2103453.0
2103585.0
2103666.0
2103776.0
2103789.0
2104528.0
2104571.0
2104584.0
2104879.0
2104892.0
2104905.0
2104918.0
2104931.0
2104944.0
2105046.0
2105095.0
2108582.0
2108611.0
2108855.0
2108868.0
2108888.0
2109412.0
2109429.0
2109444.0
2109458.0
2109472.0
2109486.0
2109500.0
2109514.0
2109528.0
2109542.0
2109556.0
2109570.0
2109584.0
2109598.0
2109612.0
2109626.0
2109640.0
2109654.0
2109668.0
2109682.0
2109696.0
2109710.0
2109724.0
2109738.0
2109752.0
2109766.0
2109780.0
2109794.0
2109807.0
2109820.0
2109833.0
2109846.0
2109862.0
2109875.0
2109888.0
2109901.0
2109914.0
2109927.0
2109940.0
2109953.0
2109966.0
2109979.0
2109992.0
2110005.0
2110018.0
2110031.0
2110044.0
2110222.0
2111048.0
2111080.0
2111093.0
2111108.0
2111122.0
2111136.0
2111150.0
2111164.0
2111178.0
2111192.0
2111206.0
2111220.0
2111234.0
2111248.0
2111262.0
2111276.0
2111290.0
2111304.0
2111318.0
2111332.0
2111346.0
2111360.0
2111374.0
2111388.0
2111402.0
2111416.0
2111430.0
2111444.0
2111458.0
2111472.0
2111486.0
2111500.0
2111514.0
2111528.0
2111541.0
2111554.0
2111568.0
2111581.0
2111594.0
2111607.0
2111620.0
2111633.0
2111646.0
2111659.0
2111672.0
2111685.0
2111698.0
2111711.0
2111724.0
2111737.0
2111750.0
2112895.0
2112926.0
2112940.0
2112954.0
2112968.0
2112982.0
2112996.0
2113010.0
2113023.0
2113038.0
2113051.0
2113064.0
2113080.0
2113094.0
2113108.0
2113122.0
2113136.0
2113150.0
2113164.0
2113178.0
2113192.0
2113205.0
2113220.0
2113234.0
2113248.0
2113262.0
2113276.0
2113290.0
2113303.0
2113316.0
2113332.0
2113346.0
2113360.0
2113374.0
2113388.0
2113402.0
2113416.0
2113429.0
2113442.0
2113455.0
2113468.0
2113481.0
2113494.0
2113507.0
2113520.0
2113533.0
2113546.0
2113559.0
2113572.0
2113585.0
2113598.0
2113611.0
2113624.0
2113926.0
2113953.0
2113969.0
2113982.0
2114457.0
2114488.0
2114502.0
2114516.0
2114529.0
2114543.0
2114558.0
2114571.0
2114586.0
2114600.0
2114614.0
2114628.0
2114642.0
2114656.0
2114669.0
2114684.0
2114698.0
2114712.0
2114726.0
2114740.0
2114754.0
2114767.0
2114781.0
2114794.0
2114810.0
2114824.0
2114838.0
2114851.0
2114864.0
2114877.0
2114890.0
2114903.0
2114916.0
2114929.0
2114942.0
2114955.0
2114968.0
2114981.0
2114994.0
2115007.0
2115020.0
2115033.0
2115046.0
2115138.0
2115158.0
2115174.0
2116177.0
2116811.0
2116842.0
2116855.0
2116868.0
2116881.0
2116894.0
2116907.0
2116920.0
2116933.0
2116946.0
2116959.0
2116972.0
2116985.0
2116998.0
2117011.0
2117024.0
2117037.0
2117700.0
2117840.0
2117872.0
2117886.0
2117900.0
2117914.0
2117928.0
2117942.0
2117956.0
2117970.0
2117984.0
2117998.0
2118012.0
2118026.0
2118040.0
2118054.0
2118068.0
2118081.0
2118095.0
2118110.0
2118124.0
2118138.0
2118152.0
2118166.0
2118179.0
2118192.0
2118206.0
2118219.0
2118232.0
2118246.0
2118259.0
2118272.0
2118285.0
2118298.0
2118316.0
2118334.0
2118348.0
2118362.0
2118376.0
2118390.0
2118404.0
2118418.0
2118432.0
2118446.0
2118460.0
2118474.0
2118488.0
2118502.0
2118515.0
2118528.0
2118541.0
2118554.0
2118567.0
2118580.0
2118593.0
2118606.0
2118619.0
2118632.0
2118645.0
2118658.0
2118671.0
2118684.0
2118697.0
2118710.0
2119517.0
2119547.0
2119560.0
2119573.0
2119586.0
2119599.0
2119612.0
2119625.0
2119642.0
2119659.0
2119673.0
2119687.0
2119701.0
2119715.0
2119729.0
2119743.0
2119757.0
2119771.0
2119785.0
2119799.0
2119813.0
2119827.0
2119841.0
2119855.0
2119869.0
2119883.0
2119897.0
2119910.0
2119925.0
2119938.0
2119953.0
2119967.0
2119981.0
2119994.0
2120009.0
2120023.0
2120037.0
2120051.0
2120064.0
2120078.0
2120093.0
2120107.0
2120121.0
2120135.0
2120149.0
2120163.0
2120177.0
2120191.0
2120204.0
2120219.0
2120233.0
2120247.0
2120261.0
2120275.0
2120289.0
2120303.0
2120316.0
2120331.0
2120344.0
2120359.0
2120373.0
2120387.0
2120401.0
2120415.0
2120429.0
2120443.0
2120457.0
2120471.0
2120485.0
2120499.0
2120513.0
2120527.0
2120541.0
2120555.0
2120569.0
2120583.0
2120597.0
2120611.0
2120625.0
2120638.0
2120653.0
2120667.0
2120681.0
2120695.0
2120709.0
2120723.0
2120736.0
2120750.0
2120765.0
2120779.0
2120793.0
2120807.0
2120821.0
2120835.0
2120849.0
2120863.0
2120877.0
2120891.0
2120905.0
2120919.0
2120933.0
2120947.0
2120961.0
2120975.0
2120989.0
2121003.0
2121017.0
2121031.0
2121045.0
2121059.0
2121073.0
2121087.0
2121101.0
2121115.0
2121129.0
2121143.0
2121157.0
2121171.0
2121185.0
2121199.0
2121213.0
2121227.0
2121241.0
2121255.0
2121269.0
2121283.0
2121297.0
2121311.0
2121325.0
2121339.0
2121353.0
2121367.0
2121380.0
2121393.0
2121409.0
2121423.0
2121437.0
2121451.0
2121465.0
2121479.0
2121493.0
2121507.0
2121521.0
2121535.0
2121549.0
2121563.0
2121577.0
2121590.0
2121605.0
2121619.0
2121632.0
2121646.0
2121659.0
2121672.0
2121685.0
2121698.0
2121711.0
2121724.0
2121738.0
2121751.0
2121764.0
2121777.0
2121790.0
2121803.0
2121829.0
2121842.0
2121857.0
2121871.0
2121885.0
2121899.0
2121913.0
2121927.0
2121941.0
2121955.0
2121969.0
2121983.0
2121997.0
2122011.0
2122024.0
2122039.0
2122053.0
2122067.0
2122080.0
2122093.0
2122109.0
2122123.0
2122137.0
2122151.0
2122165.0
2122179.0
2122193.0
2122207.0
2122221.0
2122235.0
2122249.0
2122263.0
2122277.0
2122291.0
2122305.0
2122319.0
2122333.0
2122347.0
2122361.0
2122375.0
2122389.0
2122403.0
2122417.0
2122431.0
2122444.0
2122459.0
2122473.0
2122487.0
2122501.0
2122515.0
2122529.0
2122543.0
2122557.0
2122571.0
2122585.0
2122599.0
2122613.0
2122627.0
2122641.0
2122655.0
2122669.0
2122683.0
2122697.0
2122711.0
2122725.0
2122739.0
2122753.0
2122767.0
2122781.0
2122795.0
2122809.0
2122823.0
2122837.0
2122851.0
2122865.0
2122879.0
2122893.0
2122907.0
2122921.0
2122935.0
2122949.0
2122963.0
2122977.0
2122991.0
2123005.0
2123019.0
2123033.0
2123047.0
2123061.0
2123075.0
2123089.0
2123103.0
2123117.0
2123130.0
2123145.0
2123158.0
2123173.0
2123187.0
2123201.0
2123215.0
2123228.0
2123241.0
2123254.0
2123268.0
2123285.0
2123298.0
2123312.0
2123327.0
2123340.0
2123355.0
2123368.0
2123381.0
2123397.0
2123411.0
2123425.0
2123439.0
2123453.0
2123467.0
2123481.0
2123495.0
2123509.0
2123523.0
2123537.0
2123551.0
2123565.0
2123579.0
2123593.0
2123607.0
2123621.0
2123635.0
2123649.0
2123663.0
2123677.0
2123691.0
2123705.0
2123719.0
2123733.0
2123747.0
2123761.0
2123775.0
2123789.0
2123803.0
2123817.0
2123831.0
2123845.0
2123859.0
2123873.0
2123887.0
2123901.0
2123915.0
2123929.0
2123943.0
2123957.0
2123971.0
2123985.0
2123999.0
2124013.0
2124027.0
2124041.0
2124055.0
2124069.0
2124083.0
2124097.0
2124111.0
2124125.0
2124139.0
2124153.0
2124167.0
2124181.0
2124195.0
2124209.0
2124223.0
2124237.0
2124250.0
2124263.0
2124279.0
2124293.0
2124307.0
2124321.0
2124335.0
2124349.0
2124363.0
2124377.0
2124391.0
2124405.0
2124419.0
2124433.0
2124447.0
2124461.0
2124475.0
2124489.0
2124503.0
2124517.0
2124531.0
2124545.0
2124559.0
2124572.0
2124585.0
2124601.0
2124615.0
2124629.0
2124643.0
2124657.0
2124671.0
2124685.0
2124699.0
2124713.0
2124727.0
2124741.0
2124755.0
2124769.0
2124783.0
2124797.0
2124811.0
2124825.0
2124839.0
2124853.0
2124867.0
2124881.0
2124895.0
2124909.0
2124923.0
2124937.0
2124951.0
2124965.0
2124979.0
2124993.0
2125007.0
2125021.0
2125035.0
2125049.0
2125063.0
2125077.0
2125091.0
2125105.0
2125119.0
2125133.0
2125147.0
2125161.0
2125175.0
2125189.0
2125203.0
2125217.0
2125231.0
2125245.0
2125259.0
2125273.0
2125287.0
2125301.0
2125315.0
2125329.0
2125343.0
2125357.0
2125370.0
2125383.0
2125396.0
2125409.0
2125422.0
2125435.0
2125448.0
2125461.0
2125474.0
2125487.0
2125500.0
2125513.0
2125526.0
2125539.0
2125552.0
2125565.0
2125612.0
2125625.0
2125638.0
2125656.0
2125669.0
2125682.0
2125695.0
2125708.0
2125794.0
2127042.0
2127073.0
2127087.0
2127101.0
2127115.0
2127129.0
2127142.0
2127155.0
2127169.0
2127185.0
2127199.0
2127213.0
2127226.0
2127241.0
2127255.0
2127269.0
2127283.0
2127297.0
2127311.0
2127325.0
2127339.0
2127353.0
2127367.0
2127381.0
2127395.0
2127409.0
2127423.0
2127436.0
2127451.0
2127464.0
2127477.0
2127490.0
2127503.0
2127516.0
2127529.0
2127542.0
2127555.0
2127568.0
2127581.0
2127594.0
2127607.0
2127620.0
2127633.0
2127646.0
2127659.0
2128053.0
2128560.0
2129164.0
2129196.0
2129210.0
2129224.0
2129238.0
2129252.0
2129266.0
2129280.0
2129294.0
2129307.0
2129320.0
2129333.0
2129346.0
2129359.0
2129372.0
2129385.0
2129398.0
2129411.0
2129434.0
2129448.0
2129461.0
2129474.0
2129487.0
2129500.0
2129513.0
2129526.0
2129539.0
2129552.0
2129565.0
2129578.0
2129591.0
2129604.0
2129617.0
2129630.0
2129643.0
2129656.0
2130102.0
2130118.0
2130131.0
2130162.0
2130557.0
2130588.0
2130601.0
2130614.0
2130627.0
2130640.0
2130657.0
2130672.0
2130686.0
2130700.0
2130713.0
2130728.0
2130741.0
2130754.0
2130767.0
2130784.0
2130798.0
2130812.0
2130826.0
2130840.0
2130854.0
2130868.0
2130882.0
2130896.0
2130910.0
2130924.0
2130938.0
2130952.0
2130966.0
2130979.0
2130993.0
2131008.0
2131022.0
2131036.0
2131050.0
2131064.0
2131078.0
2131092.0
2131106.0
2131119.0
2131133.0
2131146.0
2131161.0
2131176.0
2131190.0
2131204.0
2131218.0
2131232.0
2131246.0
2131260.0
2131274.0
2131288.0
2131302.0
2131316.0
2131330.0
2131344.0
2131358.0
2131372.0
2131386.0
2131400.0
2131414.0
2131428.0
2131442.0
2131456.0
2131470.0
2131484.0
2131498.0
2131512.0
2131526.0
2131540.0
2131554.0
2131568.0
2131582.0
2131596.0
2131610.0
2131624.0
2131638.0
2131652.0
2131666.0
2131680.0
2131694.0
2131708.0
2131722.0
2131736.0
2131750.0
2131764.0
2131778.0
2131792.0
2131806.0
2131820.0
2131834.0
2131848.0
2131862.0
2131876.0
2131890.0
2131904.0
2131918.0
