2012971.0
2012984.0
2012997.0
2013010.0
2013023.0
2013040.0
2013053.0
2013066.0
2013079.0
2013092.0
2013107.0
2013122.0
2013135.0
2013151.0
2013164.0
2013177.0
2013191.0
2013204.0
2013217.0
2013232.0
2013245.0
2013260.0
2013278.0
2013291.0
2013304.0
2013317.0
2013334.0
2013347.0
2013360.0
2013376.0
2013389.0
2013402.0
2013417.0
2013431.0
2013445.0
2013459.0
2013474.0
2013487.0
2013500.0
2013513.0
2013526.0
2013543.0
2013558.0
2013572.0
2013585.0
2013599.0
2013613.0
2013627.0
2013642.0
2013655.0
2013670.0
2013683.0
2013697.0
2013710.0
2013723.0
2013737.0
2013753.0
2013766.0
2013779.0
2013795.0
2013809.0
2013823.0
2013836.0
2013849.0
2013862.0
2013875.0
2013889.0
2013903.0
2013921.0
2013934.0
2013947.0
2013960.0
2013973.0
2013986.0
2013999.0
2014012.0
2014025.0
2014038.0
2014051.0
2014064.0
2014077.0
2014090.0
2014103.0
2014116.0
2014817.0
2014841.0
2014860.0
2014873.0
2014886.0
2014899.0
2014912.0
2014925.0
2014946.0
2014959.0
2014972.0
2014988.0
2015001.0
2015016.0
2015029.0
2015042.0
2015056.0
2015069.0
2015084.0
2015098.0
2015113.0
2015127.0
2015142.0
2015155.0
2015169.0
2015183.0
2015196.0
2015210.0
2015224.0
2015237.0
2015253.0
2015267.0
2015280.0
2015293.0
2015306.0
2015323.0
2015337.0
2015350.0
2015364.0
2015380.0
2015393.0
2015406.0
2015421.0
2015436.0
2015449.0
2015464.0
2015477.0
2015490.0
2015503.0
2015520.0
2015534.0
2015548.0
2015562.0
2015575.0
2015589.0
2015604.0
2015617.0
2015631.0
2015644.0
2015657.0
2015674.0
2015687.0
2015701.0
2015714.0
2015727.0
2015740.0
2015753.0
2015772.0
2015785.0
2015799.0
2015813.0
2015826.0
2015842.0
2015855.0
2015870.0
2015883.0
2015896.0
2015911.0
2015925.0
2015940.0
2015953.0
2015968.0
2015982.0
2015995.0
2016010.0
2016024.0
2016038.0
2016052.0
2016066.0
2016080.0
2016094.0
2016108.0
2016122.0
2016136.0
2016150.0
2016164.0
2016178.0
2016192.0
2016206.0
2016220.0
2016234.0
2016248.0
2016262.0
2016276.0
2016290.0
2016304.0
2016318.0
2016332.0
2016346.0
2016360.0
2016374.0
2016388.0
2016402.0
2016416.0
2016430.0
2016444.0
2016458.0
2016471.0
2016484.0
2016500.0
2016514.0
2016528.0
2016542.0
2016556.0
2016570.0
2016584.0
2016598.0
2016612.0
2016626.0
2016640.0
2016654.0
2016668.0
2016682.0
2016696.0
2016710.0
2016723.0
2016738.0
2016752.0
2016766.0
2016780.0
2016794.0
2016808.0
2016821.0
2016836.0
2016850.0
2016864.0
2016878.0
2016892.0
2016906.0
2016920.0
2016934.0
2016948.0
2016962.0
2016976.0
2016990.0
2017003.0
2017016.0
2017031.0
2017044.0
2017060.0
2017074.0
2017088.0
2017102.0
2017116.0
2017129.0
2017144.0
2017158.0
2017172.0
2017186.0
2017200.0
2017214.0
2017228.0
2017242.0
2017256.0
2017270.0
2017284.0
2017298.0
2017312.0
2017325.0
2017338.0
2017354.0
2017368.0
2017382.0
2017396.0
2017409.0
2017423.0
2017436.0
2017449.0
2017462.0
2017475.0
2017488.0
2017501.0
2017514.0
2017527.0
2017540.0
2017553.0
2017566.0
2017579.0
2017592.0
2017605.0
2017618.0
2018485.0
2018516.0
2018530.0
2018544.0
2018558.0
2018571.0
2018584.0
2018597.0
2018610.0
2018623.0
2018636.0
2018649.0
2018662.0
2018675.0
2018688.0
2018701.0
2018714.0
2018727.0
2018740.0
2018753.0
2018766.0
2018926.0
2020962.0
2020993.0
2021006.0
2021019.0
2021032.0
2021045.0
2021058.0
2021071.0
2021084.0
2021097.0
2021110.0
2021123.0
2021136.0
2021149.0
2021174.0
2021190.0
2021203.0
2021217.0
2021230.0
2021246.0
2021260.0
2021274.0
2021287.0
2021302.0
2021316.0
2021329.0
2021344.0
2021358.0
2021372.0
2021386.0
2021400.0
2021414.0
2021428.0
2021441.0
2021455.0
2021470.0
2021484.0
2021498.0
2021511.0
2021524.0
2021537.0
2021550.0
2021563.0
2021576.0
2021589.0
2021602.0
2021615.0
2021628.0
2021641.0
2021654.0
2021667.0
2021681.0
2021694.0
2021707.0
2021720.0
2021765.0
2021784.0
2021797.0
2021810.0
2021823.0
2021836.0
2022581.0
2022797.0
2022822.0
2022835.0
2022848.0
2022861.0
2022874.0
2022887.0
2022900.0
2022913.0
2022926.0
2022939.0
2022952.0
2022965.0
2022978.0
2022991.0
2023004.0
2023913.0
2024519.0
2024550.0
2024563.0
2024576.0
2024589.0
2024602.0
2024615.0
2024628.0
2024641.0
2024654.0
2024667.0
2024680.0
2024693.0
2024706.0
2024719.0
2024732.0
2024745.0
2025143.0
2025914.0
2025936.0
2025950.0
2025966.0
2025979.0
2025993.0
2026008.0
2026022.0
2026036.0
2026050.0
2026064.0
2026078.0
2026092.0
2026105.0
2026118.0
2026131.0
2026147.0
2026162.0
2026176.0
2026190.0
2026204.0
2026218.0
2026232.0
2026246.0
2026259.0
2026274.0
2026288.0
2026302.0
2026316.0
2026330.0
2026344.0
2026358.0
2026372.0
2026386.0
2026400.0
2026414.0
2026428.0
2026442.0
2026456.0
2026470.0
2026484.0
2026498.0
2026512.0
2026526.0
2026540.0
2026554.0
2026568.0
2026581.0
2026596.0
2026610.0
2026623.0
2026638.0
2026652.0
2026666.0
2026680.0
2026693.0
2026706.0
2026719.0
2026732.0
2026745.0
2026759.0
2026772.0
2026785.0
2026798.0
2026811.0
2026824.0
2026837.0
2026850.0
2026863.0
2026876.0
2026889.0
2026918.0
2026932.0
2026946.0
2026960.0
2026974.0
2026987.0
2027000.0
2027016.0
2027029.0
2027044.0
2027058.0
2027072.0
2027086.0
2027100.0
2027114.0
2027128.0
2027142.0
2027156.0
2027170.0
2027184.0
2027198.0
2027212.0
2027226.0
2027240.0
2027254.0
2027267.0
2027282.0
2027296.0
2027310.0
2027324.0
2027338.0
2027352.0
2027366.0
2027380.0
2027394.0
2027408.0
2027421.0
2027436.0
2027450.0
2027464.0
2027478.0
2027492.0
2027506.0
2027520.0
2027534.0
2027548.0
2027562.0
2027576.0
2027590.0
2027604.0
2027618.0
2027632.0
2027646.0
2027660.0
2027674.0
2027687.0
2027702.0
2027715.0
2027730.0
2027744.0
2027758.0
2027772.0
2027785.0
2027798.0
2027811.0
2027824.0
2027837.0
2027853.0
2027866.0
2027879.0
2027895.0
2027908.0
2027926.0
2027939.0
2027952.0
2027965.0
2027978.0
2027991.0
2028004.0
2028017.0
2028030.0
2028043.0
2028056.0
2028069.0
2028082.0
2028095.0
2028108.0
2028121.0
2028134.0
2028950.0
2028968.0
2028994.0
2029024.0
2029055.0
2029068.0
2029085.0
2029098.0
2029111.0
2029124.0
2029141.0
2029154.0
2029167.0
2029180.0
2029197.0
2029211.0
2029224.0
2029238.0
2029253.0
2029266.0
2029279.0
2029292.0
2029305.0
2029320.0
2029333.0
2029351.0
2029365.0
2029380.0
2029394.0
2029408.0
2029422.0
2029436.0
2029449.0
2029464.0
2029478.0
2029492.0
2029506.0
2029520.0
2029534.0
2029548.0
2029562.0
2029576.0
2029590.0
2029604.0
2029618.0
2029632.0
2029646.0
2029660.0
2029674.0
2029688.0
2029702.0
2029716.0
2029730.0
2029744.0
2029758.0
2029772.0
2029786.0
2029800.0
2029814.0
2029827.0
2029842.0
2029856.0
2029870.0
2029884.0
2029898.0
2029912.0
2029926.0
2029940.0
2029954.0
2029967.0
2029980.0
2029993.0
2030006.0
2030019.0
2030032.0
2030045.0
2030058.0
2030071.0
2030084.0
2030097.0
2030110.0
2030123.0
2030793.0
2030814.0
2030827.0
2030840.0
2030853.0
2030866.0
2030879.0
2030893.0
2030908.0
2030921.0
2030934.0
2030947.0
2030960.0
2030973.0
2031143.0
2031159.0
2031173.0
2031188.0
2031201.0
2031214.0
2031252.0
2031273.0
2031288.0
2031302.0
2031494.0
2031508.0
2031523.0
2031552.0
2031566.0
2031580.0
2031594.0
2031608.0
2031622.0
2031636.0
2031650.0
2031664.0
2031678.0
2031691.0
2031704.0
2031719.0
2031734.0
2031748.0
2031762.0
2031776.0
2031790.0
2031804.0
2031818.0
2031832.0
2031846.0
2031860.0
2031873.0
2031886.0
2031899.0
2031912.0
2031925.0
2031938.0
2031951.0
2031964.0
2031977.0
2031990.0
2032003.0
2032017.0
2032035.0
2032048.0
2032061.0
2032074.0
2032087.0
2032100.0
2032113.0
2032126.0
2032139.0
2032152.0
2032318.0
2033874.0
2033906.0
2033920.0
2033934.0
2033948.0
2033962.0
2033976.0
2033990.0
2034004.0
2034018.0
2034032.0
2034045.0
2034058.0
2034074.0
2034088.0
2034102.0
2034116.0
2034130.0
2034144.0
2034158.0
2034172.0
2034185.0
2034200.0
2034214.0
2034228.0
2034242.0
2034256.0
2034269.0
2034284.0
2034298.0
2034312.0
2034325.0
2034338.0
2034351.0
2034364.0
2034377.0
2034390.0
2034403.0
2034416.0
2034429.0
2034442.0
2034455.0
2034468.0
2034481.0
2034494.0
2034507.0
2034520.0
2035598.0
2036443.0
2036473.0
2036486.0
2036499.0
2036512.0
2036525.0
2036538.0
2036558.0
2036573.0
2036587.0
2036601.0
2036615.0
2036629.0
2036643.0
2036657.0
2036671.0
2036685.0
2036699.0
2036713.0
2036727.0
2036741.0
2036755.0
2036769.0
2036783.0
2036797.0
2036811.0
2036825.0
2036839.0
2036852.0
2036865.0
2036878.0
2036891.0
2036904.0
2036917.0
2036930.0
2036943.0
2036956.0
2036969.0
2036982.0
2036995.0
2037008.0
2037021.0
2037034.0
2037047.0
2037962.0
2037976.0
2037990.0
2038160.0
2038804.0
2038828.0
2038850.0
2038864.0
2038878.0
2038892.0
2038906.0
2038920.0
2038934.0
2038948.0
2038961.0
2038974.0
2038987.0
2039003.0
2039017.0
2039032.0
2039045.0
2039058.0
2039074.0
2039087.0
2039100.0
2039116.0
2039129.0
2039144.0
2039158.0
2039172.0
2039186.0
2039200.0
2039214.0
2039228.0
2039241.0
2039256.0
2039270.0
2039284.0
2039298.0
2039312.0
2039326.0
2039339.0
2039352.0
2039365.0
2039378.0
2039391.0
2039404.0
2039417.0
2039430.0
2039443.0
2039456.0
2039469.0
2039482.0
2039495.0
2039508.0
2039521.0
2039534.0
2039806.0
2039821.0
2039903.0
2040529.0
2040542.0
2040575.0
2040589.0
2040602.0
2040617.0
2040631.0
2040645.0
2040659.0
2040673.0
2040687.0
2040701.0
2040715.0
2040729.0
2040743.0
2040756.0
2040771.0
2040785.0
2040799.0
2040812.0
2040825.0
2040838.0
2040855.0
2040869.0
2040883.0
2040897.0
2040911.0
2040925.0
2040939.0
2040953.0
2040967.0
2040981.0
2040995.0
2041009.0
2041023.0
2041037.0
2041051.0
2041065.0
2041079.0
2041093.0
2041107.0
2041121.0
2041135.0
2041149.0
2041162.0
2041177.0
2041191.0
2041205.0
2041219.0
2041233.0
2041247.0
2041260.0
2041275.0
2041289.0
2041303.0
2041317.0
2041331.0
2041344.0
2041357.0
2041373.0
2041387.0
2041401.0
2041415.0
2041429.0
2041443.0
2041456.0
2041471.0
2041485.0
2041499.0
2041513.0
2041527.0
2041541.0
2041554.0
2041569.0
2041583.0
2041597.0
2041611.0
2041625.0
2041639.0
2041653.0
2041667.0
2041681.0
2041695.0
2041709.0
2041723.0
2041737.0
2041751.0
2041765.0
2041779.0
2041793.0
2041807.0
2041821.0
2041835.0
2041849.0
2041863.0
2041877.0
2041891.0
2041905.0
2041919.0
2041933.0
2041947.0
2041961.0
2041975.0
2041989.0
2042003.0
2042017.0
2042031.0
2042045.0
2042059.0
2042073.0
2042087.0
2042101.0
2042115.0
2042129.0
2042143.0
2042157.0
2042171.0
2042185.0
2042199.0
2042213.0
2042227.0
2042241.0
2042255.0
2042269.0
2042283.0
2042297.0
2042311.0
2042325.0
2042339.0
2042353.0
2042367.0
2042381.0
2042395.0
2042409.0
2042423.0
2042437.0
2042451.0
2042465.0
2042479.0
2042493.0
2042507.0
2042521.0
2042535.0
2042549.0
2042563.0
2042577.0
2042591.0
2042605.0
2042619.0
2042632.0
2042645.0
2042661.0
2042675.0
2042689.0
2042703.0
2042717.0
2042731.0
2042745.0
2042759.0
2042773.0
2042787.0
2042801.0
2042815.0
2042829.0
2042843.0
2042857.0
2042871.0
2042885.0
2042899.0
2042913.0
2042927.0
2042941.0
2042955.0
2042969.0
2042983.0
2042997.0
2043011.0
2043025.0
2043039.0
2043053.0
2043067.0
2043080.0
2043095.0
2043109.0
2043123.0
2043137.0
2043151.0
2043165.0
2043179.0
2043193.0
2043207.0
2043221.0
2043235.0
2043249.0
2043263.0
2043277.0
2043291.0
2043305.0
2043319.0
2043333.0
2043347.0
2043361.0
2043375.0
2043389.0
2043403.0
2043417.0
2043431.0
2043445.0
2043459.0
2043473.0
2043487.0
2043501.0
2043515.0
2043529.0
2043543.0
2043557.0
2043571.0
2043584.0
2043599.0
2043613.0
2043627.0
2043641.0
2043655.0
2043669.0
2043683.0
2043697.0
2043710.0
2043723.0
2043739.0
2043752.0
2043767.0
2043780.0
2043793.0
2043809.0
2043823.0
2043837.0
2043851.0
2043864.0
2043879.0
2043893.0
2043906.0
2043919.0
2043932.0
2043945.0
2043963.0
2043977.0
2043991.0
2044004.0
2044017.0
2044033.0
2044046.0
2044060.0
2044075.0
2044089.0
2044103.0
2044117.0
2044131.0
2044144.0
2044159.0
2044172.0
2044187.0
2044201.0
2044215.0
2044229.0
2044243.0
2044257.0
2044271.0
2044285.0
2044299.0
2044313.0
2044327.0
2044341.0
2044355.0
2044369.0
2044383.0
2044397.0
2044411.0
2044425.0
2044439.0
2044453.0
2044467.0
2044481.0
2044495.0
2044509.0
2044523.0
2044537.0
2044551.0
2044565.0
2044578.0
2044593.0
2044606.0
2044619.0
2044633.0
2044649.0
2044663.0
2044677.0
2044691.0
2044705.0
2044719.0
2044733.0
2044747.0
2044761.0
2044775.0
2044789.0
2044803.0
2044817.0
2044831.0
2044845.0
2044859.0
2044873.0
2044887.0
2044901.0
2044915.0
2044929.0
2044943.0
2044957.0
2044971.0
2044985.0
2044999.0
2045013.0
2045027.0
2045041.0
2045055.0
2045069.0
2045083.0
2045097.0
2045111.0
2045125.0
2045139.0
2045152.0
2045167.0
2045181.0
2045194.0
2045207.0
2045223.0
2045237.0
2045251.0
2045265.0
2045279.0
2045293.0
2045307.0
2045321.0
2045335.0
2045349.0
2045363.0
2045377.0
2045391.0
2045405.0
2045419.0
2045433.0
2045447.0
2045461.0
2045475.0
2045489.0
2045503.0
2045517.0
2045531.0
2045545.0
2045559.0
2045573.0
2045587.0
2045600.0
2045615.0
2045629.0
2045643.0
2045657.0
2045671.0
2045685.0
2045699.0
2045713.0
2045726.0
2045741.0
2045755.0
2045769.0
2045783.0
2045797.0
2045811.0
2045825.0
2045839.0
2045853.0
2045867.0
2045881.0
2045895.0
2045909.0
2045923.0
2045936.0
2045951.0
2045965.0
2045979.0
2045993.0
2046007.0
2046021.0
2046035.0
2046049.0
2046063.0
2046077.0
2046091.0
2046105.0
2046119.0
2046133.0
2046147.0
2046161.0
2046175.0
2046189.0
2046202.0
2046217.0
2046231.0
2046245.0
2046259.0
2046273.0
2046287.0
2046301.0
2046315.0
2046329.0
2046343.0
2046357.0
2046371.0
2046385.0
2046399.0
2046412.0
2046427.0
2046441.0
2046455.0
2046468.0
2046481.0
2046497.0
2046511.0
2046525.0
2046539.0
2046553.0
2046567.0
2046581.0
2046595.0
2046609.0
2046623.0
2046637.0
2046651.0
2046665.0
2046679.0
2046693.0
2046707.0
2046721.0
2046735.0
2046749.0
2046763.0
2046777.0
2046791.0
2046805.0
2046818.0
2046831.0
2046847.0
2046861.0
2046874.0
2046889.0
2046903.0
2046917.0
2046931.0
2046945.0
2046959.0
2046973.0
2046987.0
2047001.0
2047015.0
2047028.0
2047041.0
2047057.0
2047071.0
2047085.0
2047099.0
2047113.0
2047126.0
2047141.0
2047155.0
2047169.0
2047183.0
2047197.0
2047211.0
2047224.0
2047239.0
2047253.0
2047267.0
2047281.0
2047295.0
2047309.0
2047323.0
2047337.0
2047351.0
2047365.0
2047379.0
2047393.0
2047407.0
2047421.0
2047435.0
2047449.0
2047463.0
2047477.0
2047491.0
2047505.0
2047519.0
2047533.0
2047547.0
2047561.0
2047575.0
2047589.0
2047603.0
2047617.0
2047631.0
2047645.0
2047659.0
2047673.0
2047687.0
2047701.0
2047715.0
2047729.0
2047743.0
2047756.0
2047770.0
2047785.0
2047799.0
2047813.0
2047827.0
2047841.0
2047855.0
2047869.0
2047883.0
2047897.0
2047911.0
2047925.0
2047939.0
2047953.0
2047967.0
2047981.0
2047995.0
2048009.0
2048023.0
2048037.0
2048051.0
2048065.0
2048079.0
2048093.0
2048107.0
2048121.0
2048135.0
2048149.0
2048163.0
2048177.0
2048191.0
2048205.0
2048219.0
2048233.0
2048246.0
2048259.0
2048272.0
2048285.0
2048298.0
2048311.0
2048324.0
2048337.0
2048350.0
2048363.0
2048376.0
2048390.0
2048403.0
2048421.0
2048434.0
2048447.0
2048460.0
2048473.0
2048486.0
2048499.0
2048512.0
2048525.0
2048623.0
2048654.0
2048668.0
2048682.0
2048696.0
2048710.0
2048724.0
2048738.0
2048752.0
2048766.0
2048780.0
2048794.0
2048808.0
2048822.0
2048836.0
2048850.0
2048863.0
2048878.0
2048891.0
2048906.0
2048920.0
2048934.0
2048948.0
2048962.0
2048976.0
2048990.0
2049004.0
2049017.0
2049031.0
2049044.0
2049057.0
2049072.0
2049088.0
2049101.0
2049114.0
2049127.0
2049140.0
2049153.0
2049166.0
2049179.0
2049192.0
2049205.0
2049218.0
2049231.0
2049244.0
2049257.0
2049270.0
2049283.0
2049296.0
2049962.0
2052759.0
2052782.0
2052805.0
2052819.0
2052832.0
2052845.0
2052861.0
2052875.0
2052888.0
2052903.0
2052917.0
2052931.0
2052945.0
2052959.0
2052973.0
2052986.0
2053001.0
2053015.0
2053029.0
2053043.0
2053057.0
2053070.0
2053084.0
2053099.0
2053113.0
2053127.0
2053141.0
2053155.0
2053169.0
2053183.0
2053197.0
2053211.0
2053225.0
2053239.0
2053253.0
2053267.0
2053281.0
2053295.0
2053309.0
2053323.0
2053336.0
2053349.0
2053362.0
2053375.0
2053388.0
2053401.0
2053414.0
2053427.0
2053440.0
2053453.0
2053466.0
2053479.0
2053492.0
2053505.0
2053518.0
2053531.0
2053952.0
2054990.0
2055020.0
2055035.0
2055049.0
2055063.0
2055077.0
2055091.0
2055105.0
2055119.0
2055133.0
2055147.0
2055161.0
2055175.0
2055189.0
2055203.0
2055217.0
2055231.0
2055245.0
2055259.0
2055273.0
2055287.0
2055301.0
2055315.0
2055329.0
2055343.0
2055357.0
2055370.0
2055383.0
2055396.0
2055409.0
2055422.0
2055435.0
2055448.0
2055461.0
2055474.0
2055487.0
2055500.0
2055513.0
2055526.0
2055539.0
2055552.0
2055565.0
2056001.0
2056411.0
2056442.0
2056456.0
2056470.0
2056484.0
2056498.0
2056512.0
2056526.0
2056540.0
2056553.0
2056568.0
2056582.0
2056596.0
2056610.0
2056624.0
2056638.0
2056652.0
2056666.0
2056680.0
2056694.0
2056708.0
2056721.0
2056734.0
2056749.0
2056764.0
2056778.0
2056792.0
2056806.0
2056820.0
2056834.0
2056848.0
2056862.0
2056876.0
2056890.0
2056904.0
2056918.0
2056932.0
2056946.0
2056960.0
2056974.0
2056988.0
2057002.0
2057016.0
2057030.0
2057044.0
2057058.0
2057072.0
2057086.0
2057100.0
2057114.0
2057128.0
2057142.0
2057156.0
2057170.0
2057184.0
2057198.0
2057212.0
2057226.0
2057239.0
2057253.0
2057268.0
2057282.0
2057296.0
2057310.0
2057324.0
2057338.0
2057352.0
2057366.0
2057380.0
2057394.0
2057408.0
2057421.0
2057436.0
2057450.0
2057464.0
2057478.0
2057491.0
2057504.0
2057520.0
2057534.0
2057548.0
2057562.0
2057576.0
2057590.0
2057604.0
2057617.0
2057630.0
2057643.0
2057656.0
2057669.0
2057682.0
2057695.0
2057708.0
2057721.0
2057734.0
2057747.0
2057760.0
2057773.0
2057786.0
2057799.0
2057812.0
2057896.0
2058572.0
2058604.0
2058617.0
2058630.0
2058643.0
2058656.0
2058669.0
2058682.0
2058695.0
2058708.0
2058721.0
2058734.0
2058747.0
2058760.0
2058773.0
2058786.0
2058799.0
2058812.0
2058871.0
2058886.0
2059788.0
2059902.0
2059918.0
2059948.0
2059962.0
2059976.0
2059989.0
2060004.0
2060018.0
2060032.0
2060046.0
2060060.0
2060073.0
2060088.0
2060102.0
2060116.0
2060130.0
2060143.0
2060157.0
2060172.0
2060186.0
2060200.0
2060214.0
2060228.0
2060242.0
2060256.0
2060270.0
2060284.0
2060298.0
2060312.0
2060326.0
2060340.0
2060354.0
2060368.0
2060382.0
2060395.0
2060408.0
2060424.0
2060438.0
2060451.0
2060466.0
2060480.0
2060494.0
2060508.0
2060522.0
2060536.0
2060549.0
2060562.0
2060575.0
2060589.0
2060606.0
2060620.0
2060634.0
2060648.0
2060662.0
2060676.0
2060689.0
2060704.0
2060717.0
2060732.0
2060746.0
2060759.0
2060773.0
2060788.0
2060802.0
2060816.0
2060829.0
2060843.0
2060856.0
2060869.0
2060882.0
2060895.0
2060908.0
2060921.0
2060934.0
2060947.0
2060960.0
2060973.0
2060986.0
2060999.0
2061012.0
2061028.0
2061041.0
2061054.0
2061067.0
2061080.0
2061098.0
2061146.0
2061173.0
2061560.0
2062042.0
2063584.0
2063615.0
2063628.0
2063641.0
2063654.0
2063667.0
2063680.0
2063693.0
2063706.0
2063719.0
2063732.0
2063756.0
2063770.0
2063784.0
2063798.0
2063812.0
2063826.0
2063839.0
2063854.0
2063868.0
2063882.0
2063895.0
2063910.0
2063924.0
2063937.0
2063952.0
2063966.0
2063980.0
2063994.0
2064008.0
2064022.0
2064036.0
2064050.0
2064064.0
2064078.0
2064092.0
2064106.0
2064120.0
2064134.0
2064148.0
2064162.0
2064176.0
2064190.0
2064204.0
2064218.0
2064232.0
2064246.0
2064260.0
2064274.0
2064288.0
2064302.0
2064316.0
2064330.0
2064344.0
2064358.0
2064372.0
2064386.0
2064400.0
2064413.0
2064427.0
2064442.0
2064456.0
2064470.0
2064484.0
2064498.0
2064512.0
2064526.0
2064540.0
2064554.0
2064568.0
2064582.0
2064596.0
2064610.0
2064624.0
2064638.0
2064652.0
2064666.0
2064680.0
2064694.0
2064708.0
2064722.0
2064736.0
2064749.0
2064762.0
2064775.0
2064788.0
2064801.0
2064814.0
2064827.0
2064840.0
2064853.0
2064866.0
2064879.0
2064895.0
2064908.0
2064921.0
2064934.0
2064947.0
2064960.0
2064973.0
2064986.0
2065014.0
2065846.0
2065876.0
2065889.0
2065904.0
2065917.0
2065931.0
2065945.0
2065960.0
2065974.0
2065988.0
2066002.0
2066016.0
2066030.0
2066044.0
2066058.0
2066072.0
2066086.0
2066100.0
2066114.0
2066128.0
2066142.0
2066156.0
2066170.0
2066184.0
2066198.0
2066212.0
2066226.0
2066240.0
2066254.0
2066268.0
2066282.0
2066296.0
2066310.0
2066324.0
2066338.0
2066352.0
2066366.0
2066379.0
2066392.0
2066405.0
2066418.0
2066431.0
2066444.0
2066457.0
2066470.0
2066483.0
2066496.0
2066509.0
2066522.0
2066535.0
2066548.0
2066561.0
2066574.0
2066864.0
2066879.0
2066941.0
2067277.0
2067295.0
2067308.0
2067321.0
2067337.0
2067350.0
2067363.0
2067376.0
2067904.0
2067917.0
2067937.0
2067958.0
2067971.0
2067984.0
2067997.0
2068010.0
2068023.0
2068057.0
2068303.0
2068327.0
2068347.0
2068360.0
2068373.0
2068386.0
2068399.0
2068416.0
2068429.0
2068442.0
2068459.0
2068472.0
2068485.0
2068498.0
2068515.0
2068529.0
2068543.0
2068556.0
2068572.0
2068586.0
2068600.0
2068614.0
2068628.0
2068642.0
2068656.0
2068670.0
2068683.0
2068696.0
2068709.0
2068724.0
2068740.0
2068754.0
2068768.0
2068782.0
2068796.0
2068810.0
2068824.0
2068838.0
2068852.0
2068866.0
2068880.0
2068894.0
2068908.0
2068922.0
2068936.0
2068950.0
2068964.0
2068978.0
2068992.0
2069006.0
2069020.0
2069034.0
2069048.0
2069062.0
2069076.0
2069090.0
2069104.0
2069117.0
2069132.0
2069146.0
2069159.0
2069174.0
2069188.0
2069202.0
2069216.0
2069229.0
2069242.0
2069258.0
2069271.0
2069286.0
2069300.0
2069314.0
2069328.0
2069341.0
2069354.0
2069367.0
2069380.0
2069393.0
2069406.0
2069419.0
2069432.0
2069445.0
2069458.0
2069471.0
2069484.0
2069497.0
2069510.0
2069523.0
2069536.0
2069554.0
2069572.0
2069585.0
2069598.0
2069611.0
2069626.0
2070978.0
2071009.0
2071024.0
2071037.0
2071050.0
2071066.0
2071080.0
2071094.0
2071108.0
2071122.0
2071135.0
2071148.0
2071164.0
2071178.0
2071192.0
2071206.0
2071220.0
2071234.0
2071248.0
2071262.0
2071276.0
2071290.0
2071304.0
2071318.0
2071332.0
2071346.0
2071360.0
2071374.0
2071388.0
2071402.0
2071416.0
2071430.0
2071444.0
2071458.0
2071472.0
2071486.0
2071500.0
2071514.0
2071528.0
2071541.0
2071555.0
2071570.0
2071584.0
2071598.0
2071611.0
2071624.0
2071640.0
2071654.0
2071668.0
2071682.0
2071696.0
2071710.0
2071724.0
2071738.0
2071752.0
2071766.0
2071779.0
2071792.0
2071805.0
2071818.0
2071831.0
2071844.0
2071857.0
2071870.0
2071883.0
2071896.0
2071909.0
2071922.0
2071935.0
2071948.0
2071961.0
2071974.0
2071999.0
2072015.0
2072028.0
2072569.0
2072599.0
2072613.0
2072627.0
2072641.0
2072655.0
2072669.0
2072683.0
2072697.0
2072711.0
2072725.0
2072739.0
2072753.0
2072767.0
2072780.0
2072793.0
2072806.0
2072819.0
2072832.0
2072845.0
2072858.0
2072871.0
2072884.0
2072897.0
2072910.0
2072923.0
2072936.0
2072949.0
2072962.0
2072975.0
2073017.0
2073032.0
2073627.0
2073643.0
2073656.0
2073859.0
2073875.0
2073888.0
2074282.0
2074313.0
2074327.0
2074341.0
2074355.0
2074368.0
2074383.0
2074397.0
2074410.0
2074424.0
2074439.0
2074453.0
2074467.0
2074481.0
2074495.0
2074509.0
2074523.0
2074537.0
2074551.0
2074565.0
2074579.0
2074593.0
2074607.0
2074621.0
2074635.0
2074649.0
2074662.0
2074677.0
2074691.0
2074705.0
2074719.0
2074733.0
2074747.0
2074761.0
2074775.0
2074789.0
2074803.0
2074817.0
2074831.0
2074845.0
2074859.0
2074873.0
2074887.0
2074901.0
2074915.0
2074929.0
2074943.0
2074956.0
2074969.0
2074985.0
2074999.0
2075013.0
2075027.0
2075041.0
2075055.0
2075069.0
2075083.0
2075097.0
2075111.0
2075125.0
2075139.0
2075153.0
2075167.0
2075181.0
2075195.0
2075209.0
2075223.0
2075237.0
2075251.0
2075265.0
2075279.0
2075293.0
2075306.0
2075321.0
2075335.0
2075349.0
2075363.0
2075377.0
2075391.0
2075405.0
2075419.0
2075433.0
2075447.0
2075460.0
2075475.0
2075488.0
2075501.0
2075517.0
2075531.0
2075545.0
2075559.0
2075573.0
2075587.0
2075601.0
2075615.0
2075629.0
2075643.0
2075657.0
2075670.0
2075685.0
2075699.0
2075713.0
2075727.0
2075741.0
2075755.0
2075769.0
2075783.0
2075797.0
2075811.0
2075825.0
2075839.0
2075853.0
2075867.0
2075881.0
2075895.0
2075909.0
2075923.0
2075937.0
2075950.0
2075965.0
2075979.0
2075993.0
2076006.0
2076021.0
2076035.0
2076049.0
2076063.0
2076077.0
2076090.0
2076103.0
2076119.0
2076133.0
2076147.0
2076161.0
2076175.0
2076189.0
2076203.0
2076217.0
2076231.0
2076245.0
2076259.0
2076273.0
2076287.0
2076301.0
2076315.0
2076328.0
2076341.0
2076355.0
2076371.0
2076385.0
2076399.0
2076413.0
2076427.0
2076441.0
2076455.0
2076469.0
2076483.0
2076497.0
2076511.0
2076525.0
2076539.0
2076553.0
2076567.0
2076581.0
2076595.0
2076609.0
2076623.0
2076637.0
2076651.0
2076665.0
2076679.0
2076693.0
2076707.0
2076721.0
2076734.0
2076747.0
2076760.0
2076773.0
2076791.0
2076805.0
2076819.0
2076832.0
2076845.0
2076858.0
2076871.0
2076884.0
2076897.0
2076910.0
2076923.0
2076936.0
2076949.0
2076965.0
2076987.0
2077001.0
2077015.0
2077029.0
2077043.0
2077057.0
2077071.0
2077085.0
2077099.0
2077113.0
2077127.0
2077141.0
2077155.0
2077169.0
2077183.0
2077197.0
2077211.0
2077224.0
2077237.0
2077253.0
2077267.0
2077281.0
2077295.0
2077309.0
2077323.0
2077337.0
2077351.0
2077365.0
2077379.0
2077393.0
2077407.0
2077421.0
2077435.0
2077449.0
2077463.0
2077477.0
2077491.0
2077505.0
2077519.0
2077533.0
2077547.0
2077561.0
2077575.0
2077589.0
2077603.0
2077617.0
2077630.0
2077643.0
2077656.0
2077669.0
2077682.0
2077695.0
2077708.0
2077721.0
2077734.0
2077747.0
2077760.0
2077773.0
2077786.0
2077799.0
2077812.0
2077825.0
2078282.0
2078313.0
2078327.0
2078341.0
2078355.0
2078369.0
2078383.0
2078397.0
2078411.0
2078425.0
2078439.0
2078453.0
2078467.0
2078481.0
2078495.0
2078508.0
2078523.0
2078537.0
2078551.0
2078565.0
2078579.0
2078593.0
2078607.0
2078621.0
2078634.0
2078649.0
2078663.0
2078677.0
2078691.0
2078705.0
2078719.0
2078733.0
2078747.0
2078761.0
2078775.0
2078789.0
2078803.0
2078817.0
2078831.0
2078845.0
2078859.0
2078873.0
2078887.0
2078901.0
2078915.0
2078929.0
2078943.0
2078957.0
2078971.0
2078985.0
2078999.0
2079013.0
2079027.0
2079041.0
2079055.0
2079069.0
2079083.0
2079097.0
2079111.0
2079125.0
2079139.0
2079153.0
2079167.0
2079181.0
2079195.0
2079209.0
2079223.0
2079237.0
2079251.0
2079265.0
2079279.0
2079293.0
2079307.0
2079321.0
2079335.0
2079349.0
2079363.0
2079377.0
2079391.0
2079405.0
2079419.0
2079433.0
2079447.0
2079460.0
2079475.0
2079488.0
2079503.0
2079517.0
2079531.0
2079545.0
2079559.0
2079573.0
2079587.0
2079601.0
2079615.0
2079629.0
2079643.0
2079657.0
2079671.0
2079685.0
2079699.0
2079713.0
2079727.0
2079741.0
2079755.0
2079769.0
2079782.0
2079795.0
2079808.0
2079821.0
2079834.0
2079847.0
2079860.0
2079873.0
2079886.0
2079899.0
2079912.0
2079925.0
2079939.0
2079952.0
2079965.0
2079978.0
2079991.0
2080183.0
2081877.0
2081932.0
2081945.0
2081958.0
2081971.0
2081984.0
2081997.0
2082010.0
2082023.0
2082036.0
2082049.0
2082062.0
2082075.0
2082091.0
2082111.0
2082128.0
2082141.0
2082154.0
2082171.0
2082184.0
2082197.0
2082214.0
2082227.0
2082240.0
2082253.0
2082270.0
2082283.0
2082296.0
2082309.0
2082322.0
2082340.0
2082353.0
2082366.0
2082379.0
2082392.0
2082405.0
2082418.0
2082431.0
2082444.0
2082457.0
2082470.0
2082483.0
2082496.0
2082509.0
2082522.0
2082566.0
2083900.0
2083918.0
2083937.0
2083954.0
2083967.0
2083980.0
2083993.0
2084006.0
2084019.0
2084032.0
2084045.0
2084058.0
2084071.0
2084084.0
2084097.0
2084118.0
2084138.0
2084151.0
2084164.0
2084181.0
2084195.0
2084209.0
2084223.0
2084237.0
2084251.0
2084265.0
2084279.0
2084293.0
2084307.0
2084321.0
2084334.0
2084348.0
2084363.0
2084377.0
2084390.0
2084403.0
2084416.0
2084429.0
2084442.0
2084455.0
2084468.0
2084481.0
2084494.0
2084507.0
2084520.0
2084533.0
2084546.0
2084559.0
2084572.0
2084585.0
2085396.0
2085866.0
2085896.0
2085909.0
2085922.0
2085935.0
2085953.0
2085966.0
2085979.0
2085992.0
2086005.0
2086018.0
2086031.0
2086044.0
2086057.0
2086070.0
2086083.0
2086124.0
2086287.0
2086319.0
2086333.0
2086347.0
2086361.0
2086375.0
2086389.0
2086403.0
2086417.0
2086431.0
2086445.0
2086459.0
2086473.0
2086486.0
2086499.0
2086512.0
2086525.0
2086538.0
2086551.0
2086564.0
2086577.0
2086590.0
2086603.0
2086616.0
2086629.0
2086642.0
2086655.0
2086668.0
2086681.0
2087443.0
2087457.0
2087487.0
2087502.0
2087517.0
2087532.0
2087546.0
2087567.0
2087580.0
2087593.0
2087606.0
2087619.0
2087632.0
2087645.0
2087658.0
2087671.0
2087684.0
2087788.0
2087819.0
2087833.0
2087847.0
2087861.0
2087875.0
2087888.0
2087903.0
2087916.0
2087929.0
2087942.0
2087955.0
2087968.0
2087981.0
2087994.0
2088007.0
2088020.0
2088033.0
2088046.0
2088059.0
2088072.0
2088085.0
2088098.0
2088111.0
2088792.0
2090385.0
2090425.0
2090454.0
2090467.0
2090480.0
2090493.0
2090506.0
2090519.0
2090532.0
2090545.0
2090558.0
2090571.0
2090584.0
2090597.0
2090672.0
2090768.0
2092686.0
2093299.0
2094545.0
2094558.0
2094571.0
2094584.0
2094597.0
2094622.0
2094635.0
2094648.0
2094666.0
2094685.0
2094699.0
2094713.0
2094727.0
2094741.0
2094755.0
2094769.0
2094783.0
2094797.0
2094811.0
2094825.0
2094839.0
2094853.0
2094867.0
2094881.0
2094895.0
2094909.0
2094923.0
2094937.0
2094951.0
2094965.0
2094979.0
2094992.0
2095005.0
2095018.0
2095031.0
2095049.0
2095063.0
2095077.0
2095090.0
2095105.0
2095119.0
2095133.0
2095146.0
2095159.0
2095172.0
2095188.0
2095203.0
2095217.0
2095231.0
2095245.0
2095259.0
2095273.0
2095286.0
2095301.0
2095314.0
2095329.0
2095342.0
2095355.0
2095371.0
2095385.0
2095399.0
2095413.0
2095427.0
2095441.0
2095455.0
2095469.0
2095483.0
2095497.0
2095511.0
2095525.0
2095539.0
2095553.0
2095567.0
2095581.0
2095595.0
2095609.0
2095623.0
2095637.0
2095651.0
2095665.0
2095679.0
2095693.0
2095707.0
2095721.0
2095735.0
2095748.0
2095761.0
2095774.0
2095787.0
2095800.0
2095816.0
2095829.0
2095842.0
2095855.0
2095868.0
2095881.0
2095894.0
2095907.0
2095920.0
2095933.0
2095946.0
2095959.0
2095972.0
2095985.0
2096319.0
2096340.0
2096999.0
2097028.0
2097041.0
2097054.0
2097067.0
2097080.0
2097093.0
2097106.0
2097119.0
2097132.0
2097145.0
2097158.0
2097171.0
2097184.0
2097197.0
2097301.0
2097332.0
2097346.0
2097360.0
2097374.0
2097388.0
2097402.0
2097416.0
2097430.0
2097444.0
2097458.0
2097472.0
2097485.0
2097498.0
2097514.0
2097527.0
2097540.0
2097553.0
2097566.0
2097579.0
2097592.0
2097605.0
2097618.0
2097631.0
2097644.0
2097657.0
2097670.0
2097683.0
2097696.0
2097709.0
2097722.0
2097835.0
2097866.0
2097880.0
2097893.0
2097907.0
2097922.0
2097935.0
2097948.0
2097964.0
2097978.0
2097992.0
2098006.0
2098020.0
2098034.0
2098048.0
2098062.0
2098076.0
2098090.0
2098103.0
2098118.0
2098132.0
2098146.0
2098160.0
2098173.0
2098186.0
2098199.0
2098212.0
2098225.0
2098238.0
2098251.0
2098264.0
2098277.0
2098290.0
2098303.0
2098316.0
2098329.0
2098342.0
2098355.0
2098368.0
2098847.0
2098871.0
2098884.0
2098897.0
2098910.0
2098923.0
2098936.0
2098949.0
2098962.0
2098975.0
2098988.0
2099305.0
2099336.0
2099350.0
2099364.0
2099377.0
2099390.0
2099403.0
2099416.0
2099429.0
2099442.0
2099455.0
2099468.0
2099481.0
2099494.0
2099507.0
2099520.0
2099533.0
2099546.0
2099559.0
2099572.0
2099891.0
2100304.0
2100320.0
2100347.0
2100360.0
2100373.0
2100386.0
2100405.0
2100418.0
2100433.0
2100447.0
2100461.0
2100474.0
2100488.0
2100502.0
2100517.0
2100531.0
2100545.0
2100559.0
2100573.0
2100587.0
2100601.0
2100614.0
2100628.0
2100643.0
2100656.0
2100671.0
2100685.0
2100699.0
2100713.0
2100726.0
2100739.0
2100752.0
2100769.0
2100783.0
2100797.0
2100810.0
2100823.0
2100836.0
2100849.0
2100862.0
2100875.0
2100888.0
2100901.0
2100914.0
2100927.0
2100940.0
2100953.0
2100966.0
2100979.0
2100992.0
2101005.0
2101110.0
2101125.0
2102746.0
2102776.0
2102789.0
2102802.0
2102815.0
2102828.0
2102841.0
2102854.0
2102867.0
2102880.0
2102893.0
2102906.0
2102919.0
2102932.0
2102945.0
2102958.0
2102971.0
2103244.0
2103794.0
2103826.0
2103840.0
2103854.0
2103868.0
2103882.0
2103896.0
2103910.0
2103924.0
2103938.0
2103952.0
2103966.0
2103980.0
2103994.0
2104008.0
2104022.0
2104036.0
2104049.0
2104064.0
2104078.0
2104092.0
2104106.0
2104120.0
2104133.0
2104146.0
2104161.0
2104174.0
2104187.0
2104200.0
2104213.0
2104226.0
2104239.0
2104252.0
2104273.0
2104288.0
2104302.0
2104316.0
2104330.0
2104344.0
2104358.0
2104372.0
2104386.0
2104400.0
2104414.0
2104428.0
2104442.0
2104456.0
2104469.0
2104482.0
2104495.0
2104508.0
2104521.0
2104534.0
2104547.0
2104560.0
2104573.0
2104586.0
2104599.0
2104612.0
2104625.0
2104638.0
2104651.0
2104664.0
2104793.0
2104985.0
2105440.0
2105463.0
2105484.0
2105497.0
2105510.0
2105527.0
2105540.0
2105553.0
2105566.0
2105579.0
2105592.0
2105612.0
2105626.0
2105640.0
2105654.0
2105668.0
2105682.0
2105696.0
2105710.0
2105724.0
2105738.0
2105752.0
2105766.0
2105780.0
2105794.0
2105808.0
2105822.0
2105836.0
2105850.0
2105863.0
2105878.0
2105891.0
2105906.0
2105920.0
2105934.0
2105947.0
2105962.0
2105976.0
2105990.0
2106004.0
2106017.0
2106032.0
2106046.0
2106060.0
2106074.0
2106088.0
2106102.0
2106116.0
2106130.0
2106144.0
2106157.0
2106172.0
2106186.0
2106199.0
2106214.0
2106228.0
2106242.0
2106256.0
2106269.0
2106284.0
2106297.0
2106312.0
2106326.0
2106340.0
2106354.0
2106368.0
2106382.0
2106396.0
2106410.0
2106424.0
2106438.0
2106452.0
2106466.0
2106480.0
2106494.0
2106508.0
2106522.0
2106536.0
2106550.0
2106564.0
2106578.0
2106591.0
2106606.0
2106620.0
2106634.0
2106648.0
2106662.0
2106676.0
2106689.0
2106702.0
2106718.0
2106732.0
2106746.0
2106760.0
2106774.0
2106788.0
2106802.0
2106816.0
2106830.0
2106844.0
2106858.0
2106872.0
2106886.0
2106900.0
2106914.0
2106928.0
2106942.0
2106956.0
2106970.0
2106984.0
2106998.0
2107012.0
2107026.0
2107040.0
2107054.0
2107068.0
2107082.0
2107096.0
2107110.0
2107124.0
2107138.0
2107152.0
2107166.0
2107180.0
2107194.0
2107208.0
2107222.0
2107236.0
2107250.0
2107264.0
2107278.0
2107292.0
2107306.0
2107320.0
2107333.0
2107346.0
2107362.0
2107376.0
2107390.0
2107404.0
2107418.0
2107432.0
2107446.0
2107460.0
2107474.0
2107488.0
2107502.0
2107516.0
2107530.0
2107543.0
2107557.0
2107572.0
2107585.0
2107599.0
2107612.0
2107625.0
2107638.0
2107651.0
2107664.0
2107677.0
2107690.0
2107703.0
2107716.0
2107729.0
2107742.0
2107755.0
2107768.0
2107796.0
2107810.0
2107824.0
2107838.0
2107852.0
2107866.0
2107880.0
2107894.0
2107908.0
2107922.0
2107936.0
2107950.0
2107964.0
2107977.0
2107992.0
2108006.0
2108020.0
2108033.0
2108046.0
2108062.0
2108076.0
2108090.0
2108104.0
2108118.0
2108132.0
2108146.0
2108160.0
2108174.0
2108188.0
2108202.0
2108216.0
2108230.0
2108244.0
2108258.0
2108272.0
2108286.0
2108300.0
2108314.0
2108328.0
2108342.0
2108356.0
2108370.0
2108384.0
2108397.0
2108412.0
2108426.0
2108440.0
2108454.0
2108468.0
2108482.0
2108496.0
2108510.0
2108524.0
2108538.0
2108552.0
2108566.0
2108580.0
2108594.0
2108608.0
2108622.0
2108636.0
2108650.0
2108664.0
2108678.0
2108692.0
2108706.0
2108720.0
2108734.0
2108748.0
2108762.0
2108776.0
2108790.0
2108804.0
2108818.0
2108832.0
2108846.0
2108860.0
2108874.0
2108888.0
2108902.0
2108916.0
2108930.0
2108944.0
2108958.0
2108972.0
2108986.0
2109000.0
2109014.0
2109028.0
2109042.0
2109056.0
2109070.0
2109083.0
2109098.0
2109111.0
2109126.0
2109140.0
2109154.0
2109168.0
2109181.0
2109194.0
2109207.0
2109220.0
2109235.0
2109252.0
2109266.0
2109280.0
2109293.0
2109306.0
2109322.0
2109336.0
2109350.0
2109364.0
2109378.0
2109392.0
2109406.0
2109420.0
2109434.0
2109448.0
2109462.0
2109476.0
2109490.0
2109504.0
2109518.0
2109532.0
2109546.0
2109560.0
2109574.0
2109588.0
2109602.0
2109616.0
2109630.0
2109644.0
2109658.0
2109672.0
2109686.0
2109700.0
2109714.0
2109728.0
2109742.0
2109756.0
2109770.0
2109784.0
2109798.0
2109812.0
2109826.0
2109840.0
2109854.0
2109868.0
2109882.0
2109896.0
2109910.0
2109924.0
2109938.0
2109952.0
2109966.0
2109980.0
2109994.0
2110008.0
2110022.0
2110036.0
2110050.0
2110064.0
2110078.0
2110092.0
2110106.0
2110120.0
2110134.0
2110148.0
2110162.0
2110176.0
2110190.0
2110203.0
2110216.0
2110232.0
2110246.0
2110260.0
2110274.0
2110288.0
2110302.0
2110316.0
2110330.0
2110344.0
2110358.0
2110372.0
2110386.0
2110400.0
2110414.0
2110428.0
2110442.0
2110456.0
2110470.0
2110484.0
2110498.0
2110512.0
2110525.0
2110538.0
2110554.0
2110568.0
2110582.0
2110596.0
2110610.0
2110624.0
2110638.0
2110652.0
2110666.0
2110680.0
2110694.0
2110708.0
2110722.0
2110736.0
2110750.0
2110764.0
2110778.0
2110792.0
2110806.0
2110820.0
2110834.0
2110848.0
2110862.0
2110876.0
2110890.0
2110904.0
2110918.0
2110932.0
2110946.0
2110960.0
2110974.0
2110988.0
2111002.0
2111016.0
2111030.0
2111044.0
2111058.0
2111072.0
2111086.0
2111100.0
2111114.0
2111128.0
2111142.0
2111156.0
2111170.0
2111184.0
2111198.0
2111212.0
2111226.0
2111240.0
2111254.0
2111268.0
2111282.0
2111296.0
2111310.0
2111323.0
2111336.0
2111349.0
2111362.0
2111375.0
2111388.0
2111401.0
2111414.0
2111427.0
2111440.0
2111453.0
2111466.0
2111479.0
2111492.0
2111505.0
2111518.0
2111559.0
2111575.0
2111588.0
2111606.0
2111624.0
2111637.0
2111650.0
2111663.0
2112672.0
2112998.0
2113028.0
2113042.0
2113056.0
2113070.0
2113084.0
2113097.0
2113110.0
2113124.0
2113140.0
2113154.0
2113168.0
2113181.0
2113196.0
2113210.0
2113224.0
2113238.0
2113252.0
2113266.0
2113280.0
2113294.0
2113308.0
2113322.0
2113336.0
2113350.0
2113364.0
2113378.0
2113391.0
2113406.0
2113419.0
2113432.0
2113445.0
2113458.0
2113471.0
2113484.0
2113497.0
2113510.0
2113523.0
2113536.0
2113549.0
2113562.0
2113575.0
2113588.0
2113601.0
2113614.0
2114010.0
2115126.0
2115157.0
2115171.0
2115185.0
2115199.0
2115213.0
2115227.0
2115241.0
2115255.0
2115268.0
2115281.0
2115294.0
2115307.0
2115320.0
2115333.0
2115346.0
2115359.0
2115381.0
2115395.0
2115409.0
2115422.0
2115435.0
2115448.0
2115461.0
2115474.0
2115487.0
2115500.0
2115513.0
2115526.0
2115539.0
2115552.0
2115565.0
2115578.0
2115591.0
2115604.0
2115617.0
2115644.0
2116486.0
2116504.0
2116527.0
2116540.0
2116558.0
2116571.0
2116584.0
2116597.0
2116614.0
2116629.0
2116643.0
2116657.0
2116670.0
2116685.0
2116698.0
2116711.0
2116724.0
2116737.0
2116755.0
2116769.0
2116783.0
2116797.0
2116811.0
2116825.0
2116839.0
2116853.0
2116867.0
2116881.0
2116895.0
2116909.0
2116923.0
2116936.0
2116950.0
2116965.0
2116979.0
2116993.0
2117007.0
2117021.0
2117035.0
2117049.0
2117063.0
2117077.0
2117090.0
2117104.0
2117117.0
2117133.0
2117147.0
2117161.0
2117175.0
2117189.0
2117203.0
2117217.0
