1484503017.0
4.0
4.0
3.92
3.96
3.84
3.77
3.77
3.69
3.77
3.84
3.73
3.77
3.88
3.96
4.2
4.31
4.31
4.39
4.16
4.08
4.0
3.92
3.84
3.84
3.73
3.77
3.73
3.84
3.77
3.65
4.24
4.24
3.77
3.77
3.84
3.96
3.92
3.92
3.88
3.92
3.92
4.0
3.92
4.08
4.0
3.96
3.92
3.84
3.57
3.45
3.49
3.77
4.43
3.22
3.37
2.94
2.51
2.24
0.59
-0.82
-1.18
-1.37
-2.39
-2.98
-2.86
-2.47
-2.0
-1.96
-2.24
-2.31
-2.2
-2.04
-1.65
-1.14
-1.77
-16.55
-11.73
-9.81
-9.18
-8.51
-6.55
-5.45
-3.49
-2.71
-1.92
-1.06
-1.61
-2.67
-2.55
-2.0
-0.82
-0.31
0.27
0.59
0.67
-0.78
-1.69
-2.04
-0.94
-0.51
-0.24
-0.59
-1.53
-2.16
-2.47
-1.61
-2.55
-4.16
-5.06
-5.45
-4.47
-4.24
-6.39
-8.0
-10.04
-11.89
-12.28
-12.63
-13.73
-15.22
-19.06
-20.01
-20.01
-20.01
-20.01
-20.01
-20.01
-20.01
-19.34
-17.53
-16.91
-15.93
-14.04
-13.34
-11.41
-10.32
-9.69
-8.63
-8.36
-7.37
-7.3
-6.59
-5.37
-4.98
-4.75
-4.59
-4.39
-3.49
-2.94
-2.82
-2.71
-2.59
-2.86
-2.51
-2.24
-1.84
-1.57
-1.26
-1.92
-2.55
-2.47
-2.35
-2.28
-2.43
-2.75
-3.61
-5.61
-5.69
-5.18
-4.16
-3.84
-4.2
-5.84
-7.81
-7.61
-10.32
-12.75
-4.08
-2.79
-2.67
-2.59
-2.94
-2.82
-2.51
-1.8
-1.69
-1.73
-2.24
-3.06
-3.41
-3.33
-3.1
-3.02
-3.33
-4.98
-6.16
-6.32
-7.41
-8.0
-2.86
-3.33
-3.45
-2.71
-3.1
-3.65
-4.47
-4.82
-4.82
-4.71
-4.75
-6.59
-7.53
-7.06
-5.92
-5.57
-7.57
-8.55
-8.94
-8.67
-8.71
-8.55
-8.75
-9.49
-10.24
-10.28
-9.26
-8.98
-9.69
-9.96
-10.36
-10.63
-10.47
-10.28
-10.55
-10.67
-11.26
-11.85
-12.28
-12.08
-12.08
-12.04
-12.2
-12.36
-12.12
-12.04
-12.04
-11.69
-11.34
-11.22
-10.9
-10.79
-10.79
-10.75
-10.63
-10.12
-10.2
-10.2
-10.47
-10.47
-10.43
-10.79
-10.83
-10.71
-10.55
-10.83
-10.83
-10.79
-10.51
-10.16
-10.08
-9.81
-9.1
-8.9
-8.55
-8.12
-7.73
-7.61
-6.98
-6.75
-6.59
-6.39
-4.59
-3.96
-3.92
-4.35
-4.75
-9.53
-7.57
-12.04
-10.55
-10.32
-10.16
-10.12
-10.28
-10.32
-10.12
-9.89
-9.85
-9.77
-9.65
-9.22
-8.9
-8.63
-8.67
-8.71
-8.51
-6.2
-5.49
-4.31
-4.35
-4.51
-4.86
-4.98
-4.67
-4.43
-4.55
-4.75
-4.55
-4.86
-5.53
-6.28
-6.16
-5.65
-5.65
-6.28
-6.98
-7.49
-7.41
-7.37
-7.34
-7.61
-7.73
-7.61
-7.85
-9.34
-9.77
-9.38
-7.92
-7.53
-8.83
-9.81
-10.67
-10.0
-9.1
-8.79
-9.53
-10.4
-11.22
-10.79
-9.65
-9.96
-10.2
-10.87
-11.1
-10.83
-10.63
-10.83
-11.22
-11.49
-12.28
-12.47
-12.43
-11.96
-11.89
-11.34
-10.9
-10.47
-10.47
-10.67
-10.83
-10.94
-11.3
-11.73
-11.81
-12.04
-12.12
-12.32
-12.2
-12.12
-11.92
-11.85
-11.65
-10.83
-10.36
-10.2
-10.36
-10.16
-10.04
-9.92
-10.04
-10.2
-9.61
-9.26
-8.83
-8.59
-8.83
-8.79
-8.9
-8.67
-6.08
-12.87
-12.79
-13.14
-12.75
-12.4
-12.36
-12.12
-11.89
-11.65
-11.3
-10.98
-10.55
-10.47
-10.32
-9.96
-9.81
-9.96
-10.16
-10.28
-10.24
-10.04
-9.45
-9.26
-9.3
-9.1
-9.02
-9.41
-9.65
-9.45
-8.87
-8.75
-8.9
-9.02
-8.9
-8.55
-8.63
-8.47
-8.12
-8.0
-7.77
-7.61
-7.57
-7.37
-7.53
-7.45
-7.22
-6.32
-6.04
-5.77
-5.61
-5.88
-6.08
-10.36
-7.45
-7.49
-7.14
-6.75
-6.47
-6.16
-5.84
-5.73
-5.53
-5.18
-5.06
-5.26
-5.61
-5.92
-6.55
-6.94
-7.26
-7.18
-6.67
-6.67
-7.26
-7.81
-8.36
-8.43
-8.51
-8.43
-8.24
-7.41
-6.86
-8.16
-9.53
-10.16
-9.26
-7.57
-7.73
-8.32
-10.4
-11.22
-11.26
-10.16
-9.53
-8.51
-8.67
-9.69
-11.41
-11.1
-9.49
-9.02
-9.49
-9.77
-10.16
-10.71
-10.87
-10.94
-11.22
-11.49
-11.89
-12.08
-12.51
-12.59
-12.51
-12.36
-12.43
-12.63
-12.67
-12.71
-12.43
-12.36
-12.24
-12.2
-12.12
-11.73
-11.53
-11.38
-11.22
-11.1
-10.79
-10.83
-10.98
-10.94
-10.24
-10.28
-10.16
-9.73
-9.45
-9.45
-9.41
-9.57
-9.38
-8.75
-8.2
-8.32
-8.32
-8.08
-7.92
-7.49
-7.18
-6.71
-5.61
-5.22
-4.67
-4.43
-4.63
-4.94
-4.43
-4.35
-4.82
-5.81
-6.47
-7.1
-7.61
-7.65
-7.85
-7.88
-8.2
-8.47
-8.75
-8.98
-9.38
-9.89
-9.65
-8.9
-8.9
-8.55
-8.79
-8.98
-9.06
-9.26
-9.45
-9.53
-9.49
-9.45
-9.26
-9.41
-10.94
-9.41
-10.28
-11.85
-11.06
-10.98
-10.43
-10.94
-11.18
-10.12
-10.2
-10.24
-10.08
-10.43
-11.18
-10.51
-10.47
-12.87
-8.12
-7.65
-9.3
-10.08
-10.43
-10.9
-9.06
-9.61
-9.77
-7.45
-7.49
-7.88
-9.26
-8.98
-7.49
-6.79
-7.37
-8.24
-7.96
-7.77
-7.81
-4.28
-1.69
-6.0
-7.45
-6.32
-6.9
-7.45
-7.06
-6.71
-8.16
-8.63
-8.71
-9.65
-8.94
-8.87
-9.3
-9.3
-9.3
-9.53
-8.2
-7.06
-6.83
-6.0
-7.18
-2.47
-3.37
-3.77
-3.3
-1.8
-0.98
-0.51
0.16
0.39
0.55
1.06
2.16
1.92
1.06
1.06
1.02
2.0
2.82
2.55
1.96
1.65
1.84
2.55
1.18
1.73
1.57
1.18
1.18
1.41
1.14
0.27
0.63
0.55
-0.12
-0.35
-1.26
-2.08
-1.14
-0.9
-0.63
-1.77
-2.94
-1.53
-1.57
-1.41
-1.77
-1.33
-1.49
-1.41
-1.41
-1.45
-1.33
-1.49
-1.49
-1.45
-1.45
-1.49
-1.49
-1.49
-1.49
-1.41
-1.41
-1.45
-1.49
-1.45
-1.49
-1.41
-1.37
-1.41
-1.49
-1.45
-1.41
-1.45
-1.53
-1.45
-1.41
-1.37
-1.53
-1.53
-1.49
-1.41
-1.57
-1.41
-1.49
-1.53
-1.53
-1.49
-1.49
-1.49
-1.49
-1.41
-1.41
-1.41
-1.49
-1.53
-1.41
-1.49
-1.49
-1.49
-1.45
-1.45
-1.45
-1.53
-1.49
-1.49
-1.45
-1.49
-1.49
-1.49
-1.49
-1.49
-1.45
-1.49
-1.45
-1.49
-1.53
-1.45
-1.53
-1.49
-1.49
-1.33
-1.45
-1.45
-1.45
-1.45
-1.49
-1.45
-1.49
-1.49
-1.37
-1.49
-1.45
-1.45
-1.45
-1.49
-1.41
-1.45
-1.49
-1.49
-1.45
-1.41
-1.41
-1.49
-1.49
-1.45
-1.41
-1.49
-1.49
-1.45
-1.45
-1.49
-1.41
-1.37
-1.49
-1.49
-1.41
-1.45
-1.45
-1.53
-1.45
-1.49
-1.37
-1.57
-1.53
-1.45
-1.49
-1.45
-1.57
-1.45
-1.49
-1.41
-1.49
-1.45
-1.49
-1.45
-1.45
-1.45
-1.41
-1.49
-1.49
-1.45
-1.41
-1.57
-1.57
-1.45
-1.49
-1.45
-1.53
-1.53
-1.45
-1.45
-1.41
-1.45
-1.49
-1.53
-1.45
-1.37
-1.45
-1.45
-1.37
-1.45
-1.41
-1.45
-1.45
-1.45
-1.41
-1.33
-1.53
-1.53
-1.49
-1.37
-1.45
-1.41
-1.41
-1.41
-1.29
-1.37
-1.53
-1.49
-1.53
-1.45
-1.49
-1.53
-1.49
-1.49
-1.41
-1.37
-1.41
-1.45
-1.45
-1.49
-1.49
-1.53
-1.49
-1.53
-1.49
-1.45
-1.41
-1.45
-1.41
-1.45
-1.49
-1.53
-1.57
-1.53
-1.49
-1.53
-1.49
-1.41
-1.49
-1.45
-1.45
-1.53
-1.49
-1.45
-1.45
-1.49
-1.45
-1.49
-1.41
-1.45
-1.49
-1.45
-1.45
-1.41
-1.49
-1.45
-1.45
-1.49
-1.45
-1.49
-1.49
-1.53
-1.49
-1.41
-1.49
-1.45
-1.45
-1.49
-1.45
-1.45
-1.53
-1.45
-1.45
-1.49
-1.37
-1.45
-1.49
-1.45
-1.49
-1.45
-1.45
-1.45
-1.53
-1.49
-1.41
-1.45
-1.53
-1.41
-1.41
-1.53
-1.37
-1.49
-1.49
-1.49
-1.41
-1.37
-1.41
-1.37
-1.41
-1.41
-1.61
-1.65
-1.65
-1.49
-1.49
-1.45
-1.41
-1.29
-1.22
-1.26
-1.45
-1.49
-1.61
-1.65
-1.61
-1.57
-1.61
-1.49
-1.29
-1.29
-1.33
-1.37
-1.41
-1.49
-1.49
-1.49
-1.69
-1.61
-1.53
-1.41
-1.37
-1.33
-1.41
-1.37
-1.37
-1.49
-1.65
-1.65
-1.49
-1.29
-1.37
-1.49
-1.41
-1.41
-1.41
-1.45
-1.57
-1.65
-1.61
-1.53
-1.41
-1.49
-1.49
-1.37
-1.29
-1.45
-1.49
-1.57
-1.61
-1.53
-1.49
-1.57
-1.49
-1.41
-1.33
-1.41
-1.45
-1.49
-1.53
-1.41
-1.49
-1.57
-1.49
-1.45
-1.37
-1.33
-1.45
-1.49
-1.41
-1.37
-1.45
-1.53
-1.57
-1.49
-1.41
-1.37
-1.41
-1.53
-1.41
-1.41
-1.49
-1.49
-1.49
-1.49
-1.45
-1.37
-1.49
-1.49
-1.45
-1.37
-1.45
-1.57
-1.65
-1.49
-1.41
-1.41
-1.53
-1.49
-1.41
-1.37
-1.41
-1.49
-1.57
-1.49
-1.57
-1.41
-1.45
-1.49
-1.45
-1.33
-1.41
-1.49
-1.49
-1.49
-1.41
-1.45
-1.57
-1.49
-1.53
-1.41
-1.37
-1.45
-1.49
-1.49
-1.41
-1.53
-1.49
-1.53
-1.53
-1.45
-1.41
-1.45
-1.45
-1.41
-1.49
-1.41
-1.49
-1.49
-1.49
-1.41
-1.49
-1.53
-1.57
-1.49
-1.41
-1.45
-1.53
-1.53
-1.49
-1.37
-1.45
-1.41
-1.45
-1.45
-1.45
-1.41
-1.45
-1.61
-1.45
-1.45
-1.49
-1.45
-1.49
-1.49
-1.49
-1.45
-1.53
-1.53
-1.57
-1.53
-1.53
-1.45
-1.37
-1.49
-1.49
-1.41
-1.61
-1.49
-1.45
-1.29
-1.41
-1.37
-1.49
-1.49
-1.45
-1.49
-1.45
-1.45
-1.49
-1.49
-1.53
-1.49
-1.37
-1.45
-1.53
-1.53
-1.45
-1.49
-1.49
-1.49
-1.49
-1.45
-1.45
-1.45
-1.49
-1.41
-1.49
-1.45
-1.41
-1.45
-1.45
1.92
-7.06
-10.67
-9.06
-7.14
-7.73
-7.81
-9.96
-9.02
-3.02
-0.43
0.24
-2.31
-4.0
-4.47
-4.12
-3.69
-2.98
-2.43
-1.65
-1.77
-1.92
12.75
9.69
-9.02
-10.79
-11.77
-12.63
-2.31
-2.82
-4.0
-10.24
-5.61
-5.22
-7.37
-9.45
-8.75
-12.47
-11.89
-11.38
-9.65
-9.22
-5.22
-4.86
-4.71
-4.94
-5.41
-5.45
-5.18
-1.02
-2.94
-2.51
-1.8
-0.75
0.08
2.59
3.02
2.39
2.35
2.47
2.55
0.0
0.67
-1.45
2.86
4.12
4.71
5.02
4.47
0.12
-1.69
-1.57
-0.71
-0.51
-0.24
-3.06
-4.35
-3.3
-0.63
4.67
5.49
3.73
2.43
0.63
0.0
1.61
2.43
1.61
-0.78
-1.26
0.08
1.14
1.41
2.08
3.22
4.24
4.55
3.88
4.47
5.61
5.1
2.16
1.06
0.9
0.71
1.26
0.71
0.04
-0.2
-3.14
-8.39
-6.47
-6.28
-4.71
-4.98
-6.55
-5.61
-6.2
-6.0
-6.24
-6.43
-6.75
-5.14
-5.65
-6.71
-7.37
-7.61
-6.04
-6.98
-6.55
-6.86
-5.45
-5.22
-6.86
-6.43
-2.86
-3.73
-0.51
-4.2
-6.59
-4.59
-4.79
-5.53
-4.59
-6.35
-6.16
-4.75
-4.31
-2.31
-5.26
-9.41
-8.39
-8.94
-8.67
-7.88
-6.75
-8.16
-7.49
-7.14
-8.55
-11.65
-12.47
-13.02
-12.51
-12.12
-11.96
-12.12
-12.32
-14.12
-13.96
-13.38
-13.02
-11.53
-11.26
-10.55
-12.24
-14.63
-12.08
-9.73
-12.16
-11.61
-10.59
-8.71
-8.63
-9.77
-9.69
-9.26
-9.38
-10.32
-11.41
-9.73
-9.14
-8.59
-8.94
-9.22
-9.1
-9.57
-9.14
-9.02
-9.34
-8.71
-8.28
-8.32
-8.83
-8.94
-8.98
-9.14
-8.9
-8.75
-8.59
-8.71
-8.9
-8.63
-9.3
-8.9
-9.26
-8.67
-8.75
-9.14
-8.98
-8.79
-9.41
-9.85
-9.89
-8.94
-9.02
-8.98
-9.14
-9.06
-7.34
-6.79
-6.2
-6.35
-6.98
-7.34
-7.45
-7.41
-7.34
-7.57
-7.45
-7.41
-7.92
-8.24
-8.36
-8.51
-8.36
-8.39
-8.79
-8.75
-8.32
-7.69
-8.55
-7.14
-6.2
-7.53
-9.61
-9.3
-8.83
-8.87
-9.38
-9.57
-9.65
-9.57
-9.45
-9.38
-9.73
-9.81
-9.85
-9.85
-10.12
-10.2
-10.28
-9.77
-9.26
-8.0
-7.1
-6.98
-7.92
-7.77
-7.77
-8.36
-8.94
-9.22
-8.75
-8.12
-8.2
-8.32
-7.92
-7.85
-7.61
-8.47
-8.51
-8.39
-10.08
-10.79
-10.47
-10.67
-10.51
-10.43
-10.28
-9.57
-6.67
-7.18
-8.0
-8.55
-9.3
-9.41
-9.61
-9.65
-9.1
-9.1
-9.3
-9.53
-9.38
-9.14
-9.14
-9.18
-9.3
-9.34
-9.41
-9.45
-9.41
-9.14
-9.02
-9.38
-9.18
-9.14
-9.41
-9.38
-9.3
-9.22
-9.1
-9.1
-9.06
-9.3
-9.1
-9.34
-9.73
-9.26
-8.94
-9.14
-9.18
-9.18
-9.18
-8.94
-8.87
-9.26
-9.45
-9.38
-9.02
-9.02
-9.18
-9.18
-9.26
-9.22
-9.18
-9.34
-9.45
-9.57
-9.18
-9.49
-9.38
-9.26
-9.41
-9.41
-9.49
-9.57
-9.45
-9.34
-9.14
-9.06
-8.83
-8.83
-8.87
-8.9
-8.98
-8.98
-9.18
-9.38
-9.3
-9.26
-9.22
-9.41
-9.14
-9.3
-9.26
-9.26
-9.22
-9.3
-9.34
-9.06
-8.98
-9.18
-9.22
-9.22
-9.22
-9.18
-9.14
-9.1
-9.22
-9.3
-9.49
-9.49
-9.53
-9.57
-9.53
-9.49
-9.49
-9.61
-9.69
-9.49
-9.14
-8.71
-8.71
-8.79
-8.79
-8.9
-9.14
-9.22
-9.18
-9.18
-9.41
-9.49
-9.34
-9.45
-9.38
-9.45
-9.26
-9.1
-9.1
-9.1
-9.02
-9.06
-9.26
-8.98
-9.02
-8.98
-8.67
-8.75
-8.87
-9.26
-8.83
-8.9
-9.14
-9.02
-8.9
-9.1
-8.94
-9.1
-9.1
-9.3
-9.45
-9.22
-9.3
-9.53
-9.34
-9.3
-9.02
-9.02
-9.06
-9.38
-9.45
-9.96
-10.08
-10.04
-9.65
-9.34
-9.34
-9.77
-9.96
-9.18
-9.18
-9.02
-8.71
-8.28
-9.02
-9.85
-10.32
-10.0
-9.73
-8.83
-9.3
-8.79
-8.32
-8.08
-8.16
-8.43
-9.61
-9.96
-10.16
-9.3
-8.83
-8.28
-8.12
-7.92
-7.85
-7.69
-6.9
-6.86
-7.1
-7.92
-8.55
-8.71
-8.59
-7.77
-7.57
-7.92
-8.71
-8.75
-9.18
-13.96
-16.04
-10.24
-8.12
-10.75
-11.14
-9.92
-5.92
-5.84
-8.16
-8.71
-8.71
-8.94
-9.22
-9.69
-9.45
-9.06
-8.79
-9.06
-9.22
-9.22
-9.22
-9.34
-9.49
-9.34
-9.34
-9.1
-8.83
-8.79
-9.34
-9.26
-8.94
-8.94
-9.34
-10.16
-9.81
-9.26
-9.34
-9.26
-9.22
-9.26
-9.14
-8.87
-8.98
-9.1
-8.98
-8.94
-9.02
-8.79
-9.14
-9.1
-9.26
-9.1
-9.18
-9.41
-9.49
-9.02
-9.02
-9.22
-9.73
-9.65
-9.45
-9.57
-9.73
-9.73
-9.65
-10.04
-10.59
-11.06
-10.79
-11.57
-12.71
-13.3
-14.55
-16.83
-15.73
-16.44
-16.32
-15.22
-13.45
-13.45
-11.61
-11.53
-11.02
-10.59
-9.89
-8.94
-6.83
-6.16
-5.77
-4.79
-3.37
-2.2
-0.47
2.31
4.55
5.73
6.04
6.47
6.67
6.83
7.61
7.45
7.18
7.34
6.86
5.81
4.71
2.39
0.98
-0.43
-2.31
-4.16
-6.16
-6.43
-6.24
-7.57
-9.65
-11.73
-13.22
-14.71
-14.95
-15.14
-14.0
-14.04
-14.83
-16.36
-15.53
-11.77
-13.49
-14.75
-16.48
-15.53
-9.77
-9.06
-7.37
-7.45
-8.87
-10.2
-11.3
-11.18
-10.75
-8.98
-7.45
-7.81
-8.28
-8.04
-7.77
-8.43
-9.02
-9.89
-9.77
-9.81
-8.9
-9.02
-9.22
-9.3
-8.83
-9.06
-9.38
-9.61
-9.77
-9.92
-8.98
-8.67
-9.3
-9.73
-9.38
-8.67
-9.1
-8.98
-8.87
-8.98
-8.98
-9.49
-9.22
-9.77
-9.57
-8.12
-8.12
-8.79
-9.3
-9.69
-9.38
-8.94
-9.38
-9.45
-9.73
-10.2
-9.73
-9.41
-10.16
-9.89
-9.41
-10.24
-11.92
-13.06
-14.83
-17.3
-18.16
-17.57
-16.83
-15.97
-15.34
-13.1
-11.96
-11.49
-10.28
-9.18
-8.24
-6.47
-5.22
-3.14
-2.43
-1.29
1.53
2.75
3.61
4.0
4.47
5.18
5.73
6.16
6.59
6.43
5.84
6.0
6.16
5.81
4.94
2.94
2.16
-0.2
-0.63
-2.63
-4.31
-6.16
-7.02
-8.83
-11.41
-11.81
-11.22
-12.59
-13.96
-15.93
-17.22
-17.81
-16.2
-16.08
-15.69
-17.42
-15.26
-15.22
-14.2
-9.22
-6.28
-4.67
-9.81
-11.34
-10.87
-8.71
-8.28
-9.81
-9.45
-9.3
-9.81
-9.14
-8.71
-9.26
-9.34
-8.39
-7.61
-8.16
-7.88
-8.71
-9.06
-9.18
-8.51
-8.47
-9.77
-9.65
-9.1
-8.83
-8.98
-8.9
-9.3
-9.49
-9.57
-9.89
-9.18
-8.79
-8.51
-8.59
-9.06
-9.38
-9.02
-8.83
-8.98
-8.87
-9.45
-9.61
-8.63
-8.71
-8.39
-8.63
-9.3
-8.83
-9.22
-9.41
-8.04
-7.57
-8.51
-8.51
-9.02
-9.81
-9.06
-8.75
-8.98
-9.77
-10.83
-11.18
-11.02
-11.49
-12.2
-11.92
-12.67
-18.04
-18.63
-19.26
-16.36
-15.06
-14.63
-14.87
-13.02
-12.47
-10.32
-12.28
-9.96
-6.75
-6.51
-5.81
-3.26
-2.04
0.27
0.94
2.08
4.0
4.79
5.61
6.12
6.12
6.28
5.49
5.49
5.84
7.37
7.34
6.28
5.69
5.84
5.53
4.63
2.43
1.18
-5.06
-6.32
-6.55
-5.65
-4.94
-6.2
-8.87
-11.81
-15.06
-9.53
-8.63
-8.43
-8.51
-8.59
-8.47
-8.9
-8.98
-8.75
-8.98
-9.1
-8.87
-8.87
-8.79
-8.83
-8.83
-8.75
-8.83
-8.75
-8.51
-8.79
-8.79
-8.71
-8.67
-8.67
-8.75
-8.79
-8.83
-8.9
-8.79
-8.94
-8.94
-8.83
-8.87
-8.9
-9.02
-8.83
-8.87
-9.06
-9.14
-8.9
-9.02
-9.02
-8.87
-8.67
-8.98
-7.69
-9.85
-9.1
-8.59
-8.55
-8.51
-9.1
-9.26
-9.57
-8.2
-8.39
-9.06
-9.34
-9.22
-9.14
-9.38
-9.22
-8.67
-8.75
-9.57
-9.65
-9.3
-9.1
-8.98
-8.39
-8.75
-9.26
-9.22
-9.06
-9.02
-9.14
-8.71
-8.75
-8.98
-9.26
-9.26
-8.94
-9.02
-9.38
-9.26
-8.75
-8.9
-9.26
-9.26
-9.34
-9.06
-8.98
-9.02
-9.1
-9.18
-9.26
-9.06
-9.14
-9.1
-9.1
-9.22
-9.22
-9.1
-9.1
-9.14
-9.18
-9.26
-9.3
-9.14
-9.1
-9.1
-9.06
-9.18
-9.1
-9.14
-9.1
-9.18
-9.14
-9.26
-8.98
-9.1
-9.06
-9.06
-9.22
-9.22
-9.18
-9.1
-8.98
-9.06
-9.18
-9.3
-9.18
-9.02
-9.1
-9.14
-9.18
-9.22
-9.22
-9.06
-9.1
-9.14
-9.22
-9.14
-9.02
-9.14
-9.14
-9.18
-9.22
-9.18
-8.94
-9.06
-8.98
-9.3
-9.3
-8.94
-9.1
-9.06
-9.26
-9.18
-8.98
-9.02
-9.06
-9.14
-9.3
-9.26
-9.1
-8.98
-9.06
-9.14
-9.22
-9.22
-9.06
-9.02
-9.1
-9.14
-9.22
-9.14
-9.06
-9.1
-9.06
-9.1
-9.26
-9.3
