1484502977.0
-5.1
-5.18
-5.22
-5.3
-5.37
-5.33
-5.22
-5.18
-5.1
-5.06
-5.14
-5.14
-5.14
-5.1
-5.1
-5.1
-5.18
-5.18
-5.1
-5.1
-5.1
-5.14
-5.22
-5.14
-4.94
-5.06
-5.14
-5.22
-5.22
-5.06
-5.02
-5.1
-5.1
-5.1
-5.06
-4.98
-5.18
-5.1
-5.14
-5.18
-5.26
-5.06
-4.98
-4.86
-4.94
-4.98
-5.06
-5.1
-5.1
-5.02
-5.02
-5.02
-5.02
-4.86
-4.86
-4.9
-4.82
-5.02
-4.71
-4.67
-4.39
-4.51
-4.59
-4.86
-4.79
-4.63
-4.43
-4.39
-4.51
-4.59
-4.67
-4.67
-4.71
-4.86
-4.86
-4.9
-4.79
-4.59
-4.63
-4.79
-4.75
-4.75
-4.82
-4.79
-4.79
-4.86
-4.71
-4.71
-4.67
-4.71
-4.75
-4.86
-4.71
-4.59
-4.75
-4.82
-4.82
-4.9
-4.94
-4.86
-4.86
-4.79
-4.79
-4.86
-4.94
-4.94
-4.94
-4.86
-4.79
-4.79
-4.79
-4.86
-4.9
-4.9
-5.14
-5.22
-5.22
-5.1
-4.98
-4.79
-4.86
-4.9
-4.86
-4.86
-4.67
-4.63
-4.55
-4.55
-4.51
-4.75
-4.94
-5.02
-5.3
-5.53
-5.69
-5.88
-6.04
-6.47
-7.06
-6.63
-5.84
-5.49
-4.98
-4.59
-4.28
-2.82
-2.86
-2.9
-2.63
-2.51
-2.43
-2.59
-2.2
-1.96
-2.08
-1.88
-1.77
-2.04
-2.12
-2.47
-2.43
-2.79
-2.75
-2.71
-2.75
-2.71
-2.59
-2.79
-2.94
-2.86
-2.86
-2.94
-2.79
-2.75
-2.9
-2.98
-2.9
-2.98
-3.1
-3.14
-3.26
-3.14
-3.22
-3.41
-3.57
-3.84
-4.0
-3.61
-3.22
-2.9
-2.86
-3.02
-3.77
-4.08
-3.88
-3.84
-3.57
-3.14
-2.75
-2.47
-3.18
-3.65
-2.86
-2.47
-2.28
-2.55
-2.98
-2.98
-2.55
-2.43
-2.24
-2.39
-2.55
-2.67
-2.75
-2.59
-2.35
-2.0
-1.84
-1.77
-1.8
-1.88
-2.51
-2.79
-2.94
-2.79
-2.35
-2.04
-1.92
-2.28
-2.43
-2.28
-2.08
-2.2
-2.43
-2.51
-2.51
-2.12
-2.12
-1.96
-2.2
-2.63
-3.26
-2.98
-2.55
-2.39
-2.43
-2.43
-3.22
-5.22
-4.86
-3.96
-3.02
-2.35
-0.67
-2.75
-2.59
-1.69
-3.37
-2.55
-1.37
-2.39
-2.24
-2.31
-2.67
-2.82
-2.47
-1.69
-1.14
-0.75
-0.94
-1.1
-1.33
-2.2
-2.59
-2.79
-2.59
-2.24
-2.59
-2.31
-1.88
-2.75
-3.3
-3.1
-3.22
-5.02
-5.18
-5.18
-5.22
-5.33
-5.45
-5.49
-5.18
-4.94
-4.79
-4.67
-4.75
-4.86
-4.98
-4.9
-4.59
-3.84
-3.57
-3.37
-3.41
-3.65
-4.04
-3.88
-3.65
-3.61
-3.49
-3.37
-3.33
-3.37
-3.61
-3.65
-3.69
-3.65
-3.65
-3.65
-3.61
-3.49
-3.41
-3.57
-3.53
-3.49
-3.53
-3.49
-3.57
-3.61
-3.69
-3.69
-3.65
-3.73
-3.69
-3.77
-3.73
-3.77
-3.73
-3.65
-3.61
-3.69
-3.61
-3.53
-3.53
-3.57
-3.61
-3.53
-3.45
-3.45
-3.61
-3.69
-3.84
-3.77
-3.73
-3.73
-3.77
-3.65
-3.73
-3.8
-3.77
-3.8
-3.92
-3.69
-3.8
-4.0
-3.96
-3.88
-3.53
-2.28
-2.28
-2.63
-2.31
-2.08
-2.04
-1.61
-1.49
-1.84
-1.84
-1.92
-1.92
-1.92
-1.96
-1.88
-1.84
-0.94
-1.61
-1.29
-1.41
-1.37
-1.49
-1.61
-1.65
-1.73
-1.73
-1.73
-1.8
-2.04
-2.08
-1.96
-1.96
-1.92
-1.96
-1.77
-1.96
-2.08
-2.04
-2.0
-2.04
-1.96
-2.08
-2.04
-1.96
-1.92
-1.96
-1.96
-1.96
-1.77
-1.77
-1.84
-2.0
-2.04
-2.04
-2.12
-2.08
-1.96
-1.96
-1.96
-2.04
-2.12
-2.04
-2.0
-2.04
-2.0
-2.04
-2.08
-1.92
-2.0
-2.0
-1.92
-1.92
-1.96
-1.96
-2.04
-2.08
-2.08
-2.08
-2.31
-2.31
-2.2
-2.31
-2.31
-2.08
-2.08
-1.88
-1.92
-1.92
-1.92
-1.84
-1.69
-1.57
-1.57
-1.57
-1.37
-1.37
-1.53
-1.57
-1.65
-1.77
-1.84
-1.92
-1.88
-2.2
-2.31
-2.28
-2.12
-2.12
-2.2
-2.08
-2.04
-2.04
-2.12
-2.0
-1.92
-2.0
-2.08
-2.12
-2.12
-2.0
-2.0
-1.88
-1.77
-1.84
-1.8
-1.84
-1.96
-1.96
-1.92
-1.96
-2.0
-1.96
-1.96
-2.0
-2.2
-2.31
-2.16
-1.96
-1.92
-2.08
-2.12
-2.08
-2.04
-2.0
-2.08
-2.12
-2.04
-2.16
-2.12
-2.04
-1.96
-2.0
-2.04
-2.12
-2.16
-2.16
-2.08
-2.08
-2.08
-2.08
-2.16
-2.2
-2.2
-2.08
-2.0
-1.96
-2.0
-2.08
-2.31
-2.24
-2.2
-2.08
-2.08
-2.12
-2.12
-2.16
-2.24
-2.39
-2.28
-2.12
-2.04
-2.04
-2.08
-1.96
-2.0
-2.0
-2.2
-2.24
-2.16
-2.08
-1.96
-1.96
-2.08
-2.2
-2.2
-2.16
-2.31
-2.43
-2.31
-2.16
-2.0
-2.04
-2.16
-2.16
-2.12
-2.08
-2.2
-2.12
-2.2
-2.16
-2.12
-2.04
-2.16
-2.24
-2.35
-2.31
-2.31
-2.31
-2.35
-2.35
-2.43
-2.31
-2.08
-2.0
-2.04
-2.08
-2.2
-2.24
-2.12
-2.12
-2.16
-2.2
-2.2
-2.24
-2.24
-2.31
-2.28
-2.28
-2.2
-2.24
-2.24
-2.28
-2.35
-2.2
-2.12
-2.0
-1.96
-1.92
-1.88
-1.84
-2.0
-2.0
-2.2
-2.24
-2.24
-2.47
-2.51
-2.55
-2.51
-2.47
-2.39
-2.47
-2.47
-2.39
-2.35
-2.28
-2.2
-1.92
-1.92
-1.84
-2.0
-2.12
-2.2
-2.51
-2.51
-2.47
-2.35
-2.51
-2.35
-2.28
-2.28
-2.24
-2.2
-2.39
-2.28
-2.08
-2.08
-2.04
-2.08
-2.16
-2.16
-2.16
-2.08
-2.08
-2.08
-2.12
-2.12
-2.2
-2.08
-2.04
-2.08
-2.63
-2.67
-2.47
-2.39
-2.47
-2.55
-2.55
-2.39
-2.35
-2.35
-2.39
-2.28
-2.28
-2.2
-2.24
-2.28
-2.16
-2.2
-2.24
-2.31
-2.43
-2.16
-2.16
-2.08
-2.16
-2.16
-2.2
-2.28
-2.2
-2.31
-2.35
-2.51
-2.63
-2.59
-2.55
-2.47
-2.43
-2.35
-2.35
-2.28
-2.0
-2.0
-2.08
-2.35
-2.43
-2.43
-2.28
-2.24
-2.24
-1.65
-1.88
-2.04
-2.0
-1.77
-1.8
-2.04
-2.24
-2.39
-2.47
-2.35
-1.8
-1.53
-1.53
-1.61
-1.92
-2.39
-2.63
-2.75
-2.82
-2.71
-2.55
-2.47
-2.47
-2.39
-2.24
-2.08
-1.96
-1.88
-1.84
-1.88
-1.96
-2.04
-2.08
-1.96
-2.0
-2.0
-2.0
-2.04
-2.43
-2.39
-2.47
-2.59
-2.43
-2.43
-2.43
-2.51
-2.9
0.43
0.08
0.04
0.04
0.67
0.78
0.75
0.24
0.39
1.06
2.39
2.55
2.04
1.37
0.78
0.67
1.26
2.59
2.82
3.26
3.18
2.98
2.86
2.47
1.8
1.65
1.45
1.41
1.61
2.39
2.51
2.39
1.29
0.51
0.16
-0.24
-0.16
-0.16
-0.27
0.31
0.43
0.43
-0.04
-0.51
-2.9
-2.24
-2.0
-2.9
-1.92
-2.0
-1.02
-1.41
-1.65
-2.24
-2.63
-2.28
-1.8
-2.16
-2.31
-2.55
-2.82
-2.24
-2.55
-3.02
-3.77
-5.18
-5.26
-4.43
-4.59
-5.14
-5.65
-6.16
-5.84
-5.18
-3.92
-3.84
-3.88
-3.73
-3.65
-3.26
-3.33
-3.14
-3.06
-2.86
-3.06
-3.02
-2.59
-2.51
-2.39
-2.08
-2.39
-2.63
-3.57
-3.8
-3.69
-3.1
-2.67
-2.51
-2.43
-2.79
-3.06
-1.41
-1.29
-2.2
-2.55
-2.94
-3.18
-3.14
-3.26
-3.14
-2.94
-2.94
-3.02
-3.14
-3.33
-3.73
-3.77
-3.92
-3.8
-3.69
-3.26
-2.98
-2.75
-3.14
-3.57
-3.77
-3.45
-3.33
-3.14
-3.06
-3.1
-3.49
-3.84
-3.8
-4.04
-3.96
-3.53
-3.45
-3.45
-3.49
-3.61
-4.16
-4.08
-3.84
-3.8
-3.57
-3.69
-3.73
-4.63
-4.75
-4.43
-4.16
-3.73
-3.73
-3.84
-4.28
-4.28
-4.55
-4.67
-4.94
-5.3
-5.53
-5.88
-6.2
-6.35
-6.28
-5.88
-5.41
-5.14
-4.94
-4.86
-4.98
-5.1
-5.18
-5.1
-4.98
-4.35
-4.28
-4.2
-4.39
-4.75
-5.06
-5.06
-4.82
-4.79
-4.75
-4.9
-5.02
-5.33
-5.69
-5.81
-5.84
-5.77
-5.49
-5.61
-5.96
-6.16
-6.51
-6.63
-6.59
-6.51
-6.32
-5.92
-5.81
-6.0
-6.04
-6.35
-6.43
-6.28
-5.84
-5.53
-5.3
-5.26
-5.3
-5.73
-5.92
-5.92
-5.88
-5.73
-5.69
-5.57
-5.69
-5.69
-5.49
-5.45
-5.49
-5.45
-5.45
-5.3
-5.77
-5.41
-5.73
-5.45
-5.53
-5.37
-5.18
-5.18
-5.41
-5.37
-5.57
-5.65
-5.57
-5.69
-5.65
-5.65
-5.33
-5.41
-5.18
-5.14
-4.16
-3.8
-3.84
-4.24
-4.86
-5.06
-5.18
-5.18
-4.67
-3.77
-3.45
-3.65
-4.0
-4.08
-4.12
-4.08
-4.16
-4.04
-3.88
-3.33
-3.1
-3.33
-3.57
-4.12
-3.73
-3.18
-2.67
-2.71
-3.18
-3.57
-3.69
-3.37
-3.06
-2.04
-1.69
-1.14
-1.33
-1.69
-2.82
-2.98
-2.71
-2.9
-3.33
-3.37
-3.06
-2.28
-1.61
-1.37
-2.04
-2.98
-3.33
-3.41
-3.84
-4.28
-5.06
-5.37
-5.41
-5.3
-5.33
-4.67
-4.39
-4.04
-4.2
-4.35
-4.12
-4.51
-2.75
-2.82
-3.33
-3.73
-3.88
-3.88
-3.96
-4.2
-4.08
-3.77
-3.84
-4.24
-5.1
-5.81
-5.49
-4.86
-4.12
-2.82
-2.43
-2.79
-3.45
-4.51
-4.9
-5.22
-5.57
-4.94
-4.75
-4.24
-4.0
-3.88
-3.73
-4.28
-4.63
-4.67
-4.59
-4.79
-4.9
-4.94
-4.59
-4.47
-4.67
-4.67
-4.43
-4.51
-4.82
-4.82
-4.67
-4.55
-4.55
-4.75
-4.35
-4.0
-2.86
-2.28
-2.51
-2.79
-3.26
-3.49
-3.45
-3.57
-3.3
-3.61
-3.49
-2.9
-2.9
-3.02
-3.84
-4.28
-3.49
-3.3
-2.98
-2.82
-2.86
-3.57
-3.92
-4.16
-4.2
-4.12
-4.35
-4.43
-5.14
-5.49
-5.81
-5.73
-5.61
-5.18
-4.9
-4.55
-4.31
-3.77
-3.73
-3.77
-4.43
-4.71
-4.98
-5.26
-5.61
-5.49
-5.37
-5.02
-4.79
-4.71
-4.75
-4.94
-5.06
-5.22
-4.75
-4.55
-4.0
-3.88
-4.47
-4.9
-5.26
-5.33
-5.18
-4.59
-4.08
-4.0
-4.12
-4.59
-5.33
-5.57
-5.57
-5.41
-5.26
-5.41
-5.41
-4.82
-4.86
-4.75
-4.71
-4.86
-4.35
-4.2
-3.96
-4.04
-4.28
-4.31
-4.31
-3.73
-3.69
-4.04
-4.04
-4.0
-3.92
-3.96
-3.49
-3.33
-3.57
-3.61
-3.77
-4.24
-4.2
-4.28
-4.39
-4.55
-4.24
-4.16
-4.67
-4.75
-4.08
-3.57
-3.06
-2.94
-2.82
-3.14
-3.18
-3.18
-3.3
-2.94
-3.14
-2.82
-3.14
-3.33
-3.45
-3.3
-2.75
-2.51
-2.51
-3.41
-4.0
-4.71
-4.94
-4.9
-4.82
-4.39
-3.96
-4.12
-4.28
-4.39
-4.55
-4.51
-4.39
-4.63
-4.9
-5.1
-5.26
-5.69
-5.88
-5.65
-4.75
-4.55
-4.63
-4.9
-5.3
-5.96
-5.61
-4.9
-4.28
-3.96
-4.43
-4.79
-5.14
-5.26
-5.3
-5.18
-4.86
-4.67
-4.51
-4.86
-4.75
-4.98
-4.98
-4.82
-4.75
-4.63
-4.79
-4.9
-4.82
-5.1
-4.94
-4.43
-4.16
-3.96
-4.31
-4.31
-4.67
-4.98
-4.94
-4.82
-4.31
-4.24
-4.08
-4.16
-4.0
-3.26
-4.12
-4.47
-4.24
-3.96
-3.92
-4.08
-3.8
-3.77
-4.04
-4.24
-4.0
-3.69
-3.69
-3.92
-3.88
-3.69
-3.45
-3.18
-3.22
-3.53
-3.69
-3.96
-3.92
-3.57
-3.14
-2.59
-2.86
-3.61
-4.04
-4.35
-4.35
-4.08
-3.49
-3.3
-3.37
-3.45
-3.69
-3.88
-3.96
-3.96
-3.88
-3.8
-3.65
-3.84
-3.96
-4.08
-4.31
-4.28
-4.31
-4.43
-4.47
-4.35
-4.35
-4.28
-4.24
-4.94
-5.3
-5.57
-5.65
-5.37
-4.67
-4.59
-4.86
-5.22
-5.33
-5.65
-5.45
-5.06
-4.9
-4.55
-4.71
-4.9
-5.33
-5.65
-5.88
-5.65
-5.26
-4.94
-4.82
-4.86
-4.86
-4.94
-4.82
-4.63
-4.75
-4.67
-4.86
-5.06
-5.33
-5.26
-5.22
-5.33
-5.45
-5.69
-5.73
-5.57
-5.14
-5.02
-4.82
-4.82
-4.86
-4.86
-5.14
-5.06
-4.9
-5.02
-4.94
-5.14
-5.06
-4.98
-4.67
-4.39
-4.24
-4.39
-4.39
-4.98
-4.43
-4.71
-4.9
-4.98
-4.86
-4.67
-4.55
-4.67
-4.98
-5.18
-5.37
-5.53
-5.37
-4.79
-4.47
-4.08
-4.0
-4.16
-4.75
-4.71
-4.55
-4.47
-4.0
-4.28
-4.51
-4.28
-4.12
-4.39
-4.43
-4.43
-4.55
-4.51
-4.63
-4.82
-5.06
-5.14
-4.98
-4.86
-4.59
-4.35
-4.43
-4.67
-4.63
-4.82
-4.98
-4.98
-4.79
-4.51
-4.98
-5.88
-6.12
-6.12
-6.12
-6.24
-6.32
-6.32
-6.28
-6.16
-6.08
-6.16
-6.12
-6.28
-6.28
-6.08
-6.08
-5.88
-5.96
-5.92
-6.12
-6.08
-5.81
-5.92
-6.04
-6.2
-6.32
-6.43
-6.35
-6.35
-6.28
-6.35
-6.28
-6.2
-6.24
-6.16
-6.0
-5.88
-5.88
-5.84
-5.84
-6.08
-6.16
-6.2
-6.39
-6.32
-6.47
-6.32
-6.35
-6.24
-6.2
-6.12
-6.12
-6.35
-6.51
-6.47
-6.39
-6.2
-6.43
-6.28
-6.2
-6.2
-6.12
-6.12
-6.0
-5.81
-5.84
-6.04
-6.12
-6.28
-6.35
-6.24
-6.08
-6.12
-6.24
-6.24
-6.08
-6.04
-6.08
-6.16
-6.2
-6.24
-6.16
-6.0
-6.16
-6.28
-6.39
-6.39
-6.63
-6.59
-6.83
-6.55
-6.28
-6.04
-6.59
-6.83
-7.22
-7.02
-7.53
-7.96
-12.59
-2.82
-2.75
-2.94
-3.96
-4.98
-6.12
-7.37
-7.69
-8.51
-9.14
-10.51
-11.53
-12.36
-12.91
-12.83
-14.95
-16.32
-18.4
-18.71
-19.06
-20.01
-20.01
-20.01
-20.01
-20.01
-18.75
-17.77
-17.02
-16.51
-15.85
-15.14
-14.28
-12.4
-11.65
-10.51
-9.92
-7.81
-7.06
-6.32
-5.37
-5.1
-4.12
-3.53
-2.43
-1.92
-1.49
-0.98
-0.67
0.2
0.75
1.29
1.22
1.26
1.14
0.98
0.51
0.16
-0.24
-0.67
-1.26
-2.71
-3.49
-5.06
-5.77
-5.88
-6.47
-6.75
-8.36
-9.06
-10.04
-10.83
-11.65
-12.28
-13.02
-15.1
-15.49
-15.73
-15.57
-15.22
-16.28
-17.26
-19.38
-18.48
-18.87
-18.75
-18.63
-17.89
-17.57
-17.46
-17.18
-17.1
-16.79
-16.28
-15.65
-15.26
-14.83
-13.53
-12.67
-12.16
-11.96
-12.2
-5.96
-14.16
-16.67
-16.51
-16.71
-17.14
-17.38
-17.57
-17.65
-17.5
-17.42
-16.67
-16.12
-15.61
-15.1
-14.79
-14.08
-13.06
-12.63
-10.24
-10.0
-11.81
-16.12
-16.28
-15.65
-15.53
-15.46
-14.98
-14.63
-14.08
-13.81
-13.34
-12.75
-12.71
-12.75
-12.79
-12.16
-11.57
-11.1
-10.51
-10.43
-10.08
-10.0
-9.57
-9.3
-9.38
-9.3
-9.18
-9.34
-9.18
-8.94
-7.1
-6.04
-4.59
-5.1
-5.81
-5.49
-4.98
-4.0
-3.53
-3.53
-3.69
-4.2
-4.08
-3.84
-2.98
-3.02
-2.98
-3.45
-3.88
-4.28
-4.39
-4.98
-5.14
-6.08
-6.35
-6.63
-6.59
-6.75
-7.45
-8.08
-8.59
-8.43
-8.43
-8.55
-9.02
-9.18
-9.41
-9.34
-9.65
-10.04
-10.16
-9.96
-9.41
-9.06
-8.98
-9.89
-10.28
-10.12
-10.08
-10.16
-10.12
-9.96
-11.18
-11.53
-11.41
-11.41
-11.69
-12.63
-13.65
-9.14
-6.0
-9.85
-10.0
-9.45
-9.26
-8.16
-9.53
-10.63
-11.73
-11.57
-11.45
-11.14
-12.0
-12.67
-13.42
-13.61
-13.61
-13.65
-13.49
-13.57
-13.42
-13.3
-13.42
-12.91
-12.91
-13.18
-13.45
-13.3
-12.71
-12.59
-12.12
-11.61
-11.1
-10.47
-10.51
-10.94
-11.02
-10.36
-10.12
-10.12
-10.0
-9.96
-9.85
-9.81
-9.81
-9.96
-10.08
-9.92
-9.53
-8.28
-7.65
-8.12
-8.83
-8.9
-8.71
-8.08
-6.75
-6.9
-7.26
-7.88
-7.85
-7.22
-6.63
-6.0
-5.92
-6.2
-6.55
-6.75
-7.06
-6.86
-6.04
-5.73
-5.61
-5.81
-5.84
-5.92
-5.65
-5.22
-5.37
-5.84
-6.94
-7.02
-7.18
-7.02
-7.3
-8.2
-8.39
-8.36
-8.12
-8.32
-8.67
-9.34
-9.38
-9.26
-8.83
-8.83
-9.18
-9.49
-9.49
-9.45
-9.85
-9.89
-9.96
-5.02
-5.18
-5.41
-5.02
-4.75
-4.67
-4.79
-4.82
-5.96
-6.35
-6.67
-6.55
-6.43
-6.75
-6.86
-7.69
-7.88
-8.28
-8.98
-8.98
-8.83
-8.71
-8.51
-8.55
-8.83
-9.69
-10.16
-9.81
-9.22
-8.28
-8.51
-9.22
-10.0
-10.08
-9.85
-9.89
-9.69
-9.85
-9.92
-9.73
-9.65
-9.92
-10.12
-10.9
-10.94
-10.94
-10.67
-10.79
-10.98
-11.96
-12.24
-12.32
-12.71
-10.0
-10.04
-9.96
-6.35
-6.67
-6.75
-6.43
-6.08
-6.12
-6.39
-6.59
-8.94
-8.24
-7.96
-9.85
-10.12
-10.16
-10.24
-10.63
-10.98
-12.51
-11.14
-10.79
-10.75
-10.79
-10.24
-10.08
-10.08
-10.08
-9.92
-9.92
-9.57
-9.22
-8.94
-8.2
-8.04
-8.59
-9.1
-9.22
-9.14
-8.71
-8.2
-8.2
-8.32
-8.24
-7.53
-6.98
-6.55
-5.96
-5.61
-5.14
-4.98
-5.37
-5.61
-5.84
-5.57
-5.22
-5.02
-5.06
-5.3
-5.53
-5.73
-6.35
-6.59
-6.83
-6.67
-6.28
-6.51
-6.98
-8.12
-8.24
-7.57
-6.79
-6.63
-7.41
-8.55
-10.04
-10.08
-9.18
-8.79
-9.02
-10.67
-11.1
-10.83
-10.12
-10.12
-10.55
-11.02
-11.34
-11.22
-12.08
-12.67
-13.77
-14.2
-14.71
-15.26
-15.38
-15.26
-14.79
-14.55
-14.63
-14.79
-14.79
-14.83
-14.32
-13.89
-13.42
-12.59
-12.2
-11.77
-10.87
-10.04
-9.81
-9.45
-8.51
-8.04
-0.51
-3.22
-3.26
-3.06
-3.96
-4.98
-1.49
-6.04
-6.0
-3.18
-3.8
-2.79
-2.51
-2.98
-3.37
-3.37
-1.96
-2.47
-2.24
-2.04
-2.2
-2.39
-1.69
-1.8
-1.77
-1.69
-1.02
-1.88
-1.57
-1.65
-1.18
-0.9
-1.84
-2.24
-1.73
-1.49
-1.69
-1.92
-1.41
-1.33
-1.61
-2.08
-2.39
-2.16
-2.59
-1.96
-1.49
-0.94
-0.63
-0.47
-0.59
-0.67
-0.59
-0.63
-2.28
-1.73
-1.37
-1.61
-1.49
-1.77
-3.02
-3.8
-3.92
-3.3
-3.33
-3.3
-3.02
-2.94
-2.9
-2.82
-3.02
-2.86
-2.51
-2.75
-3.02
-7.14
-3.96
-4.12
-2.82
-2.59
-4.43
-5.81
-7.37
-6.75
-6.2
-5.92
-5.45
-4.51
-4.59
-4.59
-4.63
-5.14
-5.02
-4.55
-4.12
-3.33
-3.57
-4.9
-6.16
-5.65
-5.65
-5.81
-5.33
-3.53
-3.06
-3.8
-3.8
1.1
0.59
1.02
3.3
3.57
2.98
6.94
6.67
6.63
6.67
6.55
6.75
6.9
7.22
7.18
6.9
6.9
6.98
7.1
7.14
7.37
7.49
7.92
7.57
6.08
7.41
8.0
8.04
7.61
7.34
7.22
7.88
3.26
2.98
1.22
0.94
-0.39
0.0
0.0
-1.18
-2.12
-1.14
-1.41
0.2
0.12
0.24
0.2
-1.26
-3.53
-3.69
-3.37
-3.65
-4.55
-7.77
-8.63
-6.47
-5.88
-5.73
-6.0
-6.98
-10.51
-8.83
-0.78
0.47
-0.31
-0.9
-3.37
-15.3
-1.65
-8.47
-5.41
-7.49
-6.51
-4.51
-2.12
-2.59
-4.63
-14.36
-8.08
-10.32
-10.0
-4.75
-4.63
-5.84
-6.04
-5.61
-3.65
-3.45
-1.77
-0.08
-0.08
-0.86
-2.24
-2.79
-2.43
-1.65
-1.65
4.79
7.02
3.1
-1.92
-8.08
-1.88
-2.08
-2.51
-3.61
-2.86
-2.98
-2.39
-2.24
-2.24
-1.92
-2.82
-3.41
-4.43
-4.51
-4.79
-5.33
-5.84
-6.24
-6.86
-8.24
-8.16
-7.1
-6.98
-7.02
-6.98
-7.1
-7.1
-6.98
-7.02
-9.18
-10.16
-13.06
-11.26
-8.94
-6.32
-6.28
-5.37
-5.3
-4.39
-3.49
-3.22
-2.71
-2.35
-3.22
-3.37
-4.51
-4.86
-3.45
-2.43
-1.14
-1.88
-1.88
-1.61
-1.33
-1.22
-2.04
-1.96
-1.29
-1.06
-0.39
-0.16
-0.63
-0.12
0.24
-0.24
-0.51
-1.26
-1.29
-1.57
-0.75
-0.94
-0.9
-1.26
-1.73
-1.73
-1.53
-1.73
-1.02
0.24
-0.16
-1.18
0.08
2.39
0.35
-1.57
-5.73
-8.0
-7.53
-7.65
-4.67
-0.82
-1.69
-0.67
-1.77
-2.71
-1.18
-1.18
-3.26
-2.98
-0.43
5.06
5.84
2.43
1.22
4.71
5.77
5.45
4.71
4.0
2.39
2.0
1.37
2.94
2.43
2.35
2.24
1.29
0.98
2.86
4.16
2.0
1.92
2.2
3.1
2.24
2.16
1.8
2.2
4.82
3.18
1.8
1.77
5.06
4.35
0.71
-2.24
-2.39
-8.36
-6.2
-2.67
4.71
2.31
-5.02
-4.63
-4.08
1.22
4.55
5.02
9.1
6.32
7.22
2.35
2.0
3.92
3.1
1.8
1.22
1.18
-1.45
-1.69
1.37
2.67
2.28
1.18
0.35
-0.63
-1.1
-0.35
0.59
-1.8
-2.28
-2.94
-0.51
0.16
0.08
0.82
0.86
4.2
2.28
3.96
6.24
5.84
3.49
1.77
2.79
3.02
2.86
3.18
5.02
5.57
4.98
2.63
2.51
2.82
2.63
3.37
3.53
3.18
1.22
0.78
0.43
0.12
0.47
0.31
0.27
0.39
-0.08
-2.71
-3.22
0.08
-0.82
-1.22
-1.65
-1.06
-0.86
-1.84
-3.69
-5.81
-5.26
-3.77
-2.08
-0.35
0.39
0.08
-0.86
-9.53
0.71
-2.24
3.84
1.96
-0.75
-4.63
-3.61
-2.51
-4.75
-4.35
-4.12
-5.57
-7.22
-2.67
-2.63
2.67
-2.2
-4.63
-10.51
-2.2
-5.65
-6.32
-7.41
-7.88
-9.53
-9.34
-2.63
-6.79
-8.24
-7.65
-7.53
-8.94
-8.51
-7.69
-7.77
-3.73
-6.86
-10.75
-7.45
-9.53
-12.98
-8.71
-6.39
-4.31
-5.41
-6.0
-6.35
-7.77
-5.02
-7.37
-10.2
-11.65
-9.49
-6.59
-6.67
-8.59
-6.9
-10.04
-10.47
-10.43
-9.65
-9.61
-8.98
-8.55
-10.83
-11.61
-11.73
-12.32
-12.55
-6.08
-6.86
-9.38
-9.18
-8.79
-8.67
-9.14
-8.75
-8.32
-9.14
-10.24
-12.63
-8.36
-10.67
-4.59
-7.96
-9.34
-8.43
-7.88
-10.0
-10.08
-9.61
-8.94
-8.83
-9.96
-9.53
-9.65
-9.3
-7.14
-6.98
-7.22
-9.81
-7.81
-8.51
-10.24
-9.1
-8.67
-9.73
-9.92
-8.67
-11.22
-12.0
-9.57
-8.79
-11.06
-10.63
-8.24
-8.75
-10.36
-9.18
-9.69
-10.24
-8.9
-9.18
-10.28
-8.43
-8.9
-9.96
-9.49
-10.87
-9.3
-8.12
-9.49
-8.83
-8.43
-8.67
-10.51
-10.43
-8.16
-8.47
-10.47
-8.79
-7.88
-9.61
-8.59
-8.79
-10.55
-9.69
-9.45
-8.43
-8.47
-9.65
-8.51
-9.57
-9.3
-9.49
-9.45
-9.65
-9.18
-9.34
-9.69
-9.65
-9.45
-9.53
-9.61
-9.53
-9.3
-9.3
-9.41
-9.53
-9.41
-9.45
-9.53
-9.61
-9.45
-9.49
-9.38
-10.0
-9.34
-9.53
-9.53
-9.57
-9.61
-9.53
-9.3
-9.02
-9.85
-9.65
-9.38
-9.53
-9.73
-9.41
-9.61
-9.69
-9.57
-9.18
-9.3
-9.22
-9.65
-9.57
-9.34
-9.3
-9.26
-9.1
-9.69
-10.08
-9.49
-9.06
-9.34
-9.61
-9.81
-9.38
-9.49
-9.73
-10.28
-9.41
-9.61
-9.49
-9.22
-9.18
-9.81
-10.0
-9.26
-9.81
-9.34
-9.53
-9.57
-9.3
-9.3
-9.34
-9.22
-9.49
-9.65
-9.1
-9.06
-9.53
-9.69
-9.57
-9.45
-9.61
-9.61
-9.3
-9.57
-9.3
-9.41
-9.41
-9.3
-9.57
-9.53
-9.26
-9.85
-9.57
-9.34
-9.41
-9.1
-9.26
-9.38
-9.45
-9.1
-9.3
-9.53
-9.61
-9.77
-9.45
-9.45
-9.41
-9.38
-9.3
-9.49
-9.45
-9.34
-9.73
-9.45
-9.38
-9.53
-9.53
-9.57
-9.77
-10.04
-9.22
-9.3
-9.81
-9.34
-9.1
-9.41
-9.45
-9.65
-9.53
-9.73
-9.49
-9.57
-9.45
-8.75
-9.38
-9.53
-9.1
-9.89
-9.65
-9.49
-9.57
-9.49
-9.3
-9.02
-9.65
-9.69
-10.0
-9.77
-9.38
-9.85
-10.0
-9.38
-9.38
-9.57
-9.41
-9.22
-10.12
-10.28
-9.85
-9.53
-9.92
-8.83
-9.85
-10.08
-9.49
-9.89
-9.92
-9.53
-10.08
-10.16
-9.49
-9.3
-9.69
-9.73
-9.89
-9.96
-10.0
-9.65
-9.69
-9.49
-9.65
-9.53
-9.81
-10.2
-10.71
-10.28
-10.28
-10.28
-9.77
-10.24
-10.04
-10.4
-11.77
-14.0
-14.44
-11.61
-11.34
-11.41
-9.53
-8.39
-7.45
-7.65
-7.61
-6.9
-5.57
-11.38
-7.96
-9.3
-9.41
-9.49
-9.92
-9.96
-9.96
-9.89
-9.73
-9.61
-9.45
-9.89
-9.85
-10.04
-9.53
-9.41
-9.57
-9.22
-9.61
-9.81
-9.81
-10.0
-9.89
-9.61
-9.77
-9.89
-9.85
-9.53
-9.49
-9.57
-9.41
-9.3
-9.53
-9.77
-9.92
-10.0
-9.89
-9.45
-9.41
-9.69
-9.65
-9.85
-9.65
-9.57
-9.96
-10.16
-10.0
-9.89
-9.85
-9.77
-9.89
-9.77
-9.73
-9.92
-10.04
-9.85
-9.92
-9.96
-9.92
-9.77
-9.85
-9.96
-9.96
-9.89
-9.89
-9.85
-9.89
-9.92
-9.96
-9.92
-9.85
-9.89
-10.0
-9.89
-9.92
-10.12
-10.08
-10.2
-10.2
-10.2
-10.16
-10.0
-10.0
-9.92
-9.69
-9.57
-10.75
-10.67
-11.45
-10.47
-10.63
-9.85
-9.65
-9.85
-9.53
-9.89
-10.4
-10.0
-9.65
-9.85
-9.81
-9.85
-10.04
-9.77
-9.69
-10.04
-10.04
-9.85
-10.08
-10.0
-9.69
-10.04
-10.04
-9.77
-9.77
-9.73
-10.08
-9.81
-10.0
-10.16
-9.81
-9.96
-9.92
-9.89
-9.92
-10.04
-10.0
-10.0
-9.96
-10.0
-9.85
-9.89
-10.0
-9.96
-10.0
-10.04
-9.85
-9.89
-9.96
-10.0
-10.24
-10.0
-9.92
-9.92
-9.73
-9.92
-9.89
-9.81
-9.92
-10.24
-9.85
-9.77
-9.96
-9.81
-9.96
-9.96
-9.92
-9.96
-10.0
-10.08
-9.89
-10.04
-9.92
-9.81
-9.92
-9.96
-10.0
-9.92
-10.12
-10.08
-10.12
-9.85
-9.96
-9.85
-9.92
-9.77
-9.77
-9.89
-10.0
-10.0
-10.0
-10.0
-10.16
-10.24
-10.04
-10.04
-10.08
-10.08
-10.08
-9.96
-9.92
-10.0
-9.96
-9.96
-9.92
-10.12
-10.0
-10.0
-9.89
-9.81
-9.96
-9.85
-10.0
-9.96
-10.0
-10.0
-9.96
-10.0
-10.04
-9.92
-9.89
-10.16
-10.24
-10.04
-9.77
-9.81
-9.73
-9.61
-9.69
-9.81
-10.08
-10.0
-10.08
-10.16
-10.16
-10.16
-9.96
-9.96
-10.04
-9.96
-9.89
-9.85
-9.65
-9.85
-9.96
-10.04
-10.0
-9.96
-9.92
-10.0
-9.96
-9.92
-10.0
-10.04
-10.08
-10.08
-10.16
-10.08
-10.08
-10.08
-9.92
-9.92
-10.04
-9.92
-7.73
-7.49
-8.28
-9.57
-10.12
-10.0
-9.77
-9.69
-8.39
-6.59
-9.45
-8.08
-9.41
-11.61
-11.69
-10.51
-10.67
-8.75
-8.08
-9.45
-8.71
-9.61
-9.85
-9.41
-10.24
-10.59
-9.65
-9.1
-9.26
-9.57
-9.45
-9.89
-10.12
-8.98
-8.75
-8.87
-10.71
-10.32
-10.75
-11.02
-10.28
-9.57
-9.18
-10.16
-10.04
-9.18
-9.77
-10.12
-9.85
-9.69
-10.04
-10.08
-9.61
-9.38
-9.96
-9.65
-9.57
-10.08
-9.85
-9.77
-9.81
-10.2
-10.0
-9.92
-9.85
-9.81
-9.89
-9.92
-9.92
-10.16
-9.85
-10.12
-10.2
-9.49
-9.77
-9.77
-9.65
-9.69
-9.81
-9.96
-9.92
-9.92
-9.96
-10.0
-9.92
-9.92
-9.96
-10.16
-10.08
-10.12
-10.2
-10.2
-10.51
-10.51
-10.28
-10.4
-10.4
-9.92
-9.61
-10.16
-10.63
-10.75
-9.92
-8.43
-8.47
-8.63
-7.73
-7.49
-7.49
-8.55
-8.32
-8.16
-8.08
-9.02
-9.18
-8.83
-8.79
-8.9
-9.73
-9.96
-10.2
-10.32
-11.41
-10.79
-10.24
-10.4
-10.24
-10.0
-9.85
-9.81
-10.24
-8.67
-8.94
-10.43
-10.28
-7.61
-8.2
-9.34
-8.59
-10.16
-10.32
-10.0
-8.98
-9.41
-10.2
-10.98
-10.59
-9.34
-8.24
-9.18
-9.65
-10.04
-10.24
-10.0
-9.81
-10.08
-10.16
-9.1
-9.22
-9.49
-8.55
-8.87
-9.38
-9.73
-10.04
-9.92
-9.89
-10.12
-10.12
-9.89
-9.57
-9.69
-9.1
-9.18
-10.04
-9.57
-9.92
-10.59
-10.28
-8.47
-8.83
-9.89
-9.92
-10.0
-10.04
-10.08
-9.3
-9.14
-9.41
-10.24
-9.53
-10.2
-10.47
-8.9
-9.26
-9.22
-9.73
-9.34
-10.75
-10.55
-10.47
-10.43
-9.61
-9.89
-9.81
-10.43
-12.24
-11.85
-13.89
-16.0
-20.01
-20.01
-20.01
-20.01
-19.93
-13.42
-11.89
-14.91
-13.73
-7.92
-11.49
-13.49
-8.24
-6.43
-3.92
-1.84
1.26
2.9
4.0
4.9
4.94
5.14
5.96
7.06
7.1
7.14
6.43
6.67
6.63
5.84
3.88
3.53
3.69
1.53
-1.14
-7.77
-11.3
-14.32
-12.63
-11.81
-14.36
-16.16
-15.57
-15.26
-14.32
-14.59
-15.89
-20.01
-19.89
-14.63
-12.04
-15.26
-20.01
-9.73
-6.98
-8.98
-11.65
-6.28
-4.75
-7.3
-13.02
-8.12
-9.89
-10.28
-9.96
-9.89
-9.38
-9.26
-9.34
-8.83
-8.98
-9.22
-8.9
-9.45
-9.85
-11.69
-10.87
-9.73
-9.89
-10.12
-9.1
-8.36
-9.81
-9.73
-9.61
-10.04
-10.2
-9.22
-10.04
-10.43
-10.08
-10.08
-9.57
-9.26
-9.89
-10.0
-9.85
-9.73
-9.18
-9.96
-10.0
-9.65
-9.57
-9.3
-9.65
-9.89
-9.57
-10.08
-9.65
-9.73
-9.73
-8.9
-8.9
-10.71
-11.85
-10.83
-8.51
-8.9
-11.77
-10.32
-11.65
-14.04
-16.63
-17.02
-17.61
-18.63
-19.34
-16.32
-16.04
-16.75
-16.12
-16.79
-12.24
-11.34
-11.02
-9.69
-5.92
-4.71
-3.96
-2.35
-1.1
0.43
1.37
2.43
3.84
4.31
4.98
4.71
4.51
5.06
5.33
4.67
3.61
2.98
2.51
1.14
0.94
0.47
-0.71
-2.51
-6.83
-8.79
-9.02
-8.94
-9.02
-10.04
-12.91
-14.0
-12.32
-9.81
-9.41
-10.83
-17.85
-18.32
-15.18
-12.98
-10.75
-11.3
-12.43
-13.02
-16.08
-12.98
-10.51
-9.53
-20.01
-14.08
-5.96
-7.45
-9.49
-10.08
-10.32
-10.0
-10.32
-8.94
-10.75
-10.47
-10.16
-9.89
-9.89
-9.77
-8.55
-8.39
-10.0
-9.69
-9.77
-9.85
-9.92
-10.32
-9.89
-9.77
-9.34
-9.1
-8.98
-9.22
-9.77
-10.12
-9.49
-9.18
-9.61
-9.85
-10.08
-10.24
-9.53
-9.65
-9.81
-9.69
-9.65
-10.43
-9.57
-9.81
-8.36
-9.22
-10.51
-13.38
-9.85
-9.49
-9.38
-9.38
-9.65
-10.32
-9.96
-9.96
-10.2
-9.96
-9.73
-9.53
-9.53
-9.89
-10.0
-10.08
-10.04
-9.85
-9.81
-9.92
-9.89
-9.89
-9.96
-9.89
-9.77
-9.85
-9.69
-9.81
-10.0
-10.0
-10.0
-9.89
-10.04
-10.0
-9.73
-9.61
-9.53
-9.73
-10.0
-9.96
-10.0
-10.12
-9.96
-9.92
-9.53
-9.89
-7.92
-8.28
-8.12
-7.45
-8.12
-9.53
-11.38
-10.51
-12.2
-10.87
-9.57
-8.94
-10.67
-11.26
-11.14
-10.16
-9.85
-9.96
-9.38
-9.02
-10.08
-10.04
-10.04
-10.08
-10.04
-9.92
-9.89
-9.81
-9.77
-9.96
-10.04
-9.85
-9.69
-9.77
-9.65
-9.77
-10.24
-9.92
-9.73
-9.73
-9.65
-9.92
-9.96
-10.0
-10.0
-9.92
-9.77
-9.65
-9.81
-10.0
-10.08
-10.08
-10.0
-10.0
-9.69
-9.73
-9.96
-9.96
-10.0
-10.08
-9.96
-9.89
-9.85
-9.69
-9.85
-10.0
-9.96
-9.96
-9.89
-9.85
-9.89
-9.85
-9.77
-9.89
-9.89
-10.08
-10.08
-9.89
-9.89
-9.85
-9.81
-9.89
-9.85
-9.96
-9.92
-9.96
-9.89
-9.96
-9.81
