12225.0
12238.0
12252.0
12266.0
12280.0
12294.0
12308.0
12322.0
12336.0
12350.0
12364.0
12378.0
12392.0
12406.0
12420.0
12434.0
12447.0
12460.0
12473.0
12486.0
12499.0
12512.0
12525.0
12546.0
12560.0
12574.0
12588.0
12602.0
12616.0
12630.0
12644.0
12658.0
12672.0
12686.0
12700.0
12714.0
12727.0
12740.0
12754.0
12770.0
12784.0
12798.0
12812.0
12826.0
12840.0
12854.0
12868.0
12882.0
12896.0
12910.0
12924.0
12938.0
12952.0
12966.0
12980.0
12994.0
13008.0
13022.0
13036.0
13050.0
13064.0
13078.0
13092.0
13106.0
13120.0
13134.0
13148.0
13162.0
13176.0
13190.0
13204.0
13218.0
13232.0
13246.0
13260.0
13274.0
13288.0
13302.0
13316.0
13330.0
13344.0
13358.0
13372.0
13386.0
13400.0
13414.0
13428.0
13442.0
13456.0
13470.0
13484.0
13498.0
13512.0
13526.0
13540.0
13554.0
13568.0
13582.0
13596.0
13610.0
13624.0
13638.0
13652.0
13666.0
13680.0
13694.0
13708.0
13722.0
13736.0
13750.0
13764.0
13778.0
13792.0
13806.0
13820.0
13834.0
13848.0
13862.0
13876.0
13890.0
13904.0
13918.0
13932.0
13946.0
13959.0
13974.0
13988.0
14002.0
14015.0
14030.0
14044.0
14058.0
14072.0
14086.0
14100.0
14114.0
14128.0
14142.0
14156.0
14170.0
14184.0
14198.0
14212.0
14226.0
14240.0
14254.0
14268.0
14282.0
14296.0
14310.0
14324.0
14338.0
14352.0
14366.0
14380.0
14394.0
14408.0
14422.0
14436.0
14450.0
14464.0
14478.0
14492.0
14506.0
14520.0
14534.0
14548.0
14562.0
14576.0
14590.0
14603.0
14616.0
14632.0
14646.0
14660.0
14674.0
14687.0
14702.0
14716.0
14730.0
14744.0
14758.0
14771.0
14784.0
14797.0
14814.0
14828.0
14842.0
14855.0
14870.0
14884.0
14898.0
14912.0
14926.0
14940.0
14954.0
14967.0
14980.0
14996.0
15010.0
15024.0
15038.0
15051.0
15064.0
15077.0
15090.0
15103.0
15116.0
15130.0
15143.0
15164.0
15177.0
15190.0
15203.0
15220.0
15234.0
15248.0
15262.0
15276.0
15289.0
15302.0
15318.0
15332.0
15346.0
15360.0
15374.0
15388.0
15402.0
15416.0
15430.0
15444.0
15458.0
15472.0
15486.0
15500.0
15514.0
15528.0
15542.0
15556.0
15570.0
15584.0
15597.0
15610.0
15623.0
15636.0
15649.0
15662.0
15677.0
15696.0
15710.0
15724.0
15738.0
15752.0
15766.0
15780.0
15794.0
15808.0
15822.0
15836.0
15850.0
15864.0
15878.0
15892.0
15906.0
15920.0
15934.0
15948.0
15962.0
15976.0
15990.0
16004.0
16018.0
16032.0
16046.0
16060.0
16074.0
16088.0
16102.0
16116.0
16130.0
16144.0
16158.0
16172.0
16186.0
16200.0
16214.0
16228.0
16242.0
16256.0
16270.0
16284.0
16298.0
16312.0
16326.0
16340.0
16354.0
16368.0
16382.0
16396.0
16409.0
16422.0
16438.0
16452.0
16466.0
16479.0
16492.0
16508.0
16522.0
16536.0
16550.0
16563.0
16576.0
16592.0
16606.0
16620.0
16634.0
16648.0
16662.0
16676.0
16690.0
16704.0
16718.0
16732.0
16746.0
16760.0
16774.0
16788.0
16802.0
16816.0
16830.0
16844.0
16857.0
16872.0
16885.0
16898.0
16911.0
16928.0
16942.0
16956.0
16969.0
16984.0
16998.0
17012.0
17026.0
17040.0
17053.0
17066.0
17082.0
17096.0
17110.0
17124.0
17138.0
17152.0
17166.0
17180.0
17194.0
17208.0
17222.0
17236.0
17250.0
17264.0
17278.0
17292.0
17306.0
17320.0
17334.0
17348.0
17362.0
17376.0
17390.0
17404.0
17418.0
17432.0
17446.0
17460.0
17474.0
17488.0
17502.0
17515.0
17528.0
17544.0
17557.0
17570.0
17583.0
17597.0
17614.0
17628.0
17642.0
17656.0
17670.0
17684.0
17698.0
17712.0
17726.0
17740.0
17754.0
17768.0
17782.0
17796.0
17810.0
17824.0
17838.0
17851.0
17864.0
17880.0
17894.0
17908.0
17922.0
17936.0
17949.0
17964.0
17978.0
17992.0
18006.0
18020.0
18034.0
18048.0
18062.0
18076.0
18090.0
18104.0
18118.0
18132.0
18146.0
18160.0
18174.0
18188.0
18202.0
18216.0
18230.0
18244.0
18257.0
18272.0
18286.0
18300.0
18314.0
18328.0
18342.0
18356.0
18369.0
18384.0
18398.0
18412.0
18426.0
18440.0
18454.0
18468.0
18482.0
18496.0
18510.0
18524.0
18538.0
18552.0
18566.0
18580.0
18594.0
18608.0
18622.0
18636.0
18650.0
18664.0
18678.0
18692.0
18706.0
18720.0
18734.0
18748.0
18762.0
18776.0
18790.0
18804.0
18818.0
18832.0
18846.0
18860.0
18873.0
18886.0
18902.0
18916.0
18930.0
18944.0
18958.0
18972.0
18986.0
19000.0
19014.0
19028.0
19042.0
19056.0
19070.0
19084.0
19098.0
19112.0
19125.0
19140.0
19154.0
19168.0
19182.0
19196.0
19210.0
19224.0
19237.0
19252.0
19266.0
19279.0
19294.0
19308.0
19322.0
19335.0
19348.0
19361.0
19374.0
19387.0
19406.0
19420.0
19434.0
19448.0
19462.0
19476.0
19490.0
19503.0
19518.0
19531.0
19545.0
19558.0
19571.0
19584.0
19597.0
19611.0
19626.0
19639.0
19658.0
19672.0
19686.0
19699.0
19712.0
19725.0
19738.0
19756.0
19770.0
19784.0
19798.0
19812.0
19826.0
19840.0
19854.0
19868.0
19882.0
19896.0
19910.0
19924.0
19938.0
19952.0
19966.0
19980.0
19994.0
20008.0
20022.0
20036.0
20050.0
20063.0
20076.0
20092.0
20106.0
20120.0
20134.0
20147.0
20162.0
20176.0
20190.0
20204.0
20218.0
20231.0
20244.0
20257.0
20274.0
20288.0
20302.0
20316.0
20330.0
20344.0
20358.0
20372.0
20386.0
20399.0
20412.0
20426.0
20442.0
20456.0
20470.0
20484.0
20498.0
20512.0
20526.0
20540.0
20554.0
20568.0
20582.0
20596.0
20610.0
20624.0
20638.0
20652.0
20666.0
20680.0
20694.0
20708.0
20722.0
20736.0
20750.0
20764.0
20778.0
20792.0
20806.0
20820.0
20834.0
20848.0
20862.0
20876.0
20890.0
20904.0
20918.0
20932.0
20946.0
20960.0
20974.0
20988.0
21002.0
21015.0
21028.0
21041.0
21054.0
21067.0
21080.0
21093.0
21106.0
21119.0
21132.0
21145.0
21158.0
21171.0
21184.0
21197.0
21210.0
21515.0
21546.0
21560.0
21574.0
21588.0
21602.0
21616.0
21630.0
21644.0
21658.0
21672.0
21685.0
21700.0
21714.0
21728.0
21742.0
21756.0
21770.0
21784.0
21798.0
21812.0
21826.0
21840.0
21854.0
21868.0
21882.0
21896.0
21910.0
21924.0
21938.0
21952.0
21966.0
21980.0
21994.0
22008.0
22022.0
22036.0
22050.0
22064.0
22078.0
22092.0
22106.0
22120.0
22134.0
22148.0
22162.0
22176.0
22190.0
22203.0
22216.0
22229.0
22242.0
22255.0
22268.0
22281.0
22294.0
22307.0
22320.0
22333.0
22346.0
22359.0
22372.0
22385.0
22398.0
23017.0
23048.0
23062.0
23076.0
23090.0
23104.0
23118.0
23132.0
23146.0
23160.0
23174.0
23188.0
23202.0
23216.0
23230.0
23244.0
23258.0
23271.0
23286.0
23300.0
23314.0
23328.0
23342.0
23356.0
23370.0
23384.0
23398.0
23412.0
23426.0
23440.0
23454.0
23468.0
23482.0
23496.0
23510.0
23524.0
23538.0
23552.0
23566.0
23580.0
23594.0
23608.0
23622.0
23636.0
23650.0
23664.0
23678.0
23692.0
23706.0
23720.0
23734.0
23748.0
23762.0
23776.0
23790.0
23803.0
23816.0
23830.0
23846.0
23860.0
23874.0
23888.0
23902.0
23915.0
23928.0
23944.0
23958.0
23972.0
23986.0
24000.0
24013.0
24028.0
24041.0
24056.0
24070.0
24084.0
24098.0
24112.0
24126.0
24140.0
24154.0
24168.0
24182.0
24196.0
24210.0
24224.0
24237.0
24250.0
24266.0
24280.0
24294.0
24308.0
24322.0
24336.0
24350.0
24364.0
24378.0
24392.0
24406.0
24420.0
24434.0
24448.0
24462.0
24476.0
24490.0
24504.0
24518.0
24532.0
24546.0
24560.0
24574.0
24588.0
24602.0
24616.0
24630.0
24644.0
24658.0
24672.0
24686.0
24700.0
24714.0
24728.0
24742.0
24756.0
24769.0
24784.0
24798.0
24812.0
24826.0
24840.0
24854.0
24868.0
24882.0
24896.0
24910.0
24924.0
24938.0
24952.0
24966.0
24980.0
24994.0
25008.0
25022.0
25036.0
25050.0
25064.0
25078.0
25092.0
25106.0
25120.0
25134.0
25148.0
25162.0
25176.0
25190.0
25204.0
25218.0
25232.0
25246.0
25260.0
25274.0
25288.0
25302.0
25316.0
25330.0
25344.0
25358.0
25372.0
25386.0
25400.0
25414.0
25428.0
25441.0
25456.0
25470.0
25483.0
25496.0
25511.0
25524.0
25537.0
25550.0
25564.0
25582.0
25596.0
25609.0
25622.0
25635.0
25648.0
25661.0
25674.0
25694.0
25708.0
25721.0
25736.0
25750.0
25764.0
25778.0
25792.0
25806.0
25820.0
25833.0
25848.0
25862.0
25876.0
25890.0
25904.0
25918.0
25931.0
25944.0
25960.0
25974.0
25988.0
26002.0
26016.0
26030.0
26044.0
26058.0
26072.0
26086.0
26100.0
26114.0
26128.0
26141.0
26154.0
26168.0
26184.0
26198.0
26212.0
26226.0
26240.0
26254.0
26268.0
26282.0
26296.0
26310.0
26324.0
26338.0
26351.0
26364.0
26380.0
26394.0
26408.0
26422.0
26436.0
26450.0
26464.0
26478.0
26492.0
26506.0
26520.0
26534.0
26548.0
26562.0
26576.0
26590.0
26604.0
26618.0
26632.0
26646.0
26660.0
26674.0
26688.0
26702.0
26716.0
26730.0
26744.0
26758.0
26772.0
26786.0
26799.0
26812.0
26828.0
26842.0
26855.0
26868.0
26881.0
26898.0
26912.0
26925.0
26938.0
26951.0
26968.0
26982.0
26996.0
27010.0
27024.0
27038.0
27052.0
27066.0
27080.0
27094.0
27108.0
27122.0
27136.0
27150.0
27164.0
27178.0
27192.0
27206.0
27220.0
27234.0
27248.0
27261.0
27274.0
27290.0
27304.0
27318.0
27332.0
27346.0
27360.0
27374.0
27388.0
27402.0
27416.0
27430.0
27444.0
27458.0
27471.0
27486.0
27500.0
27513.0
27526.0
27542.0
27555.0
27568.0
27581.0
27597.0
27612.0
27626.0
27640.0
27654.0
27668.0
27682.0
27695.0
27710.0
27724.0
27738.0
27752.0
27766.0
27779.0
27794.0
27808.0
27822.0
27836.0
27850.0
27863.0
27878.0
27891.0
27905.0
27919.0
27932.0
27946.0
27962.0
27976.0
27990.0
28004.0
28017.0
28032.0
28046.0
28060.0
28073.0
28086.0
28102.0
28116.0
28130.0
28144.0
28158.0
28171.0
28186.0
28200.0
28214.0
28227.0
28240.0
28256.0
28270.0
28284.0
28298.0
28312.0
28326.0
28340.0
28354.0
28368.0
28382.0
28396.0
28410.0
28424.0
28438.0
28452.0
28466.0
28480.0
28493.0
28508.0
28522.0
28536.0
28550.0
28564.0
28578.0
28592.0
28606.0
28620.0
28634.0
28648.0
28662.0
28676.0
28690.0
28704.0
28717.0
28732.0
28746.0
28760.0
28774.0
28788.0
28801.0
28816.0
28830.0
28843.0
28856.0
28872.0
28886.0
28899.0
28914.0
28928.0
28942.0
28956.0
28970.0
28984.0
28998.0
29011.0
29024.0
29037.0
29054.0
29068.0
29081.0
29095.0
29108.0
29124.0
29138.0
29152.0
29166.0
29180.0
29194.0
29208.0
29222.0
29236.0
29250.0
29264.0
29278.0
29292.0
29306.0
29320.0
29334.0
29348.0
29361.0
29374.0
29390.0
29404.0
29418.0
29432.0
29446.0
29460.0
29474.0
29488.0
29502.0
29516.0
29530.0
29544.0
29558.0
29572.0
29586.0
29600.0
29614.0
29628.0
29642.0
29656.0
29670.0
29684.0
29697.0
29710.0
29726.0
29740.0
29754.0
29768.0
29782.0
29796.0
29810.0
29823.0
29838.0
29852.0
29866.0
29880.0
29894.0
29908.0
29922.0
29936.0
29950.0
29964.0
29978.0
29992.0
30006.0
30020.0
30034.0
30048.0
30062.0
30076.0
30090.0
30104.0
30118.0
30132.0
30146.0
30160.0
30174.0
30188.0
30202.0
30216.0
30230.0
30244.0
30257.0
30272.0
30286.0
30300.0
30314.0
30328.0
30342.0
30356.0
30370.0
30384.0
30398.0
30412.0
30426.0
30440.0
30454.0
30468.0
30482.0
30496.0
30510.0
30524.0
30538.0
30552.0
30566.0
30580.0
30594.0
30608.0
30622.0
30635.0
30648.0
30664.0
30678.0
30692.0
30705.0
30718.0
30732.0
30748.0
30762.0
30776.0
30790.0
30804.0
30818.0
30831.0
30844.0
30860.0
30873.0
30886.0
30902.0
30916.0
30930.0
30944.0
30958.0
30972.0
30986.0
31000.0
31014.0
31028.0
31042.0
31056.0
31070.0
31084.0
31098.0
31111.0
31126.0
31140.0
31154.0
31168.0
31182.0
31196.0
31210.0
31224.0
31238.0
31252.0
31266.0
31280.0
31294.0
31308.0
31322.0
31336.0
31350.0
31364.0
31378.0
31392.0
31406.0
31420.0
31434.0
31448.0
31462.0
31476.0
31490.0
31504.0
31518.0
31531.0
31545.0
31558.0
31574.0
31588.0
31602.0
31615.0
31628.0
31644.0
31658.0
31672.0
31686.0
31700.0
31714.0
31728.0
31742.0
31756.0
31770.0
31784.0
31798.0
31812.0
31826.0
31840.0
31854.0
31867.0
31882.0
31896.0
31910.0
31923.0
31938.0
31952.0
31966.0
31980.0
31994.0
32008.0
32022.0
32036.0
32050.0
32064.0
32078.0
32092.0
32106.0
32120.0
32134.0
32148.0
32162.0
32176.0
32190.0
32204.0
32218.0
32231.0
32246.0
32260.0
32273.0
32286.0
32299.0
32316.0
32330.0
32344.0
32358.0
32372.0
32386.0
32400.0
32414.0
32428.0
32442.0
32456.0
32470.0
32484.0
32498.0
32512.0
32526.0
32540.0
32554.0
32568.0
32582.0
32596.0
32610.0
32624.0
32638.0
32652.0
32666.0
32680.0
32694.0
32708.0
32722.0
32736.0
32750.0
32764.0
32778.0
32792.0
32806.0
32820.0
32834.0
32848.0
32862.0
32876.0
32890.0
32904.0
32918.0
32932.0
32946.0
32960.0
32974.0
32988.0
33002.0
33016.0
33030.0
33044.0
33058.0
33072.0
33086.0
33100.0
33114.0
33128.0
33142.0
33156.0
33170.0
33183.0
33196.0
33209.0
33224.0
33240.0
33254.0
33268.0
33282.0
33295.0
33308.0
33321.0
33334.0
33348.0
33366.0
33380.0
33394.0
33407.0
33420.0
33433.0
33450.0
33464.0
33478.0
33492.0
33505.0
33520.0
33534.0
33548.0
33562.0
33576.0
