1511629.0
1511642.0
1511656.0
1511670.0
1511684.0
1511697.0
1511712.0
1511726.0
1511740.0
1511754.0
1511768.0
1511782.0
1511796.0
1511810.0
1511824.0
1511838.0
1511851.0
1511864.0
1511880.0
1511893.0
1511908.0
1511922.0
1511936.0
1511950.0
1511964.0
1511978.0
1511992.0
1512006.0
1512020.0
1512034.0
1512048.0
1512061.0
1512076.0
1512090.0
1512104.0
1512118.0
1512131.0
1512145.0
1512159.0
1512174.0
1512188.0
1512202.0
1512216.0
1512230.0
1512244.0
1512258.0
1512271.0
1512286.0
1512300.0
1512313.0
1512328.0
1512342.0
1512355.0
1512370.0
1512384.0
1512397.0
1512412.0
1512426.0
1512440.0
1512454.0
1512468.0
1512482.0
1512496.0
1512510.0
1512524.0
1512538.0
1512552.0
1512566.0
1512580.0
1512594.0
1512608.0
1512622.0
1512636.0
1512650.0
1512664.0
1512678.0
1512692.0
1512706.0
1512720.0
1512734.0
1512748.0
1512761.0
1512774.0
1512790.0
1512804.0
1512818.0
1512832.0
1512846.0
1512860.0
1512873.0
1512888.0
1512902.0
1512916.0
1512930.0
1512944.0
1512958.0
1512972.0
1512986.0
1512999.0
1513014.0
1513027.0
1513042.0
1513056.0
1513070.0
1513084.0
1513098.0
1513112.0
1513126.0
1513140.0
1513153.0
1513166.0
1513179.0
1513192.0
1513205.0
1513218.0
1513231.0
1513244.0
1513257.0
1513280.0
1513294.0
1513308.0
1513322.0
1513336.0
1513350.0
1513364.0
1513378.0
1513392.0
1513406.0
1513420.0
1513434.0
1513448.0
1513462.0
1513476.0
1513490.0
1513504.0
1513518.0
1513532.0
1513546.0
1513560.0
1513574.0
1513588.0
1513602.0
1513616.0
1513630.0
1513644.0
1513658.0
1513672.0
1513686.0
1513700.0
1513714.0
1513728.0
1513742.0
1513756.0
1513770.0
1513784.0
1513798.0
1513812.0
1513826.0
1513840.0
1513854.0
1513868.0
1513882.0
1513895.0
1513908.0
1513921.0
1513938.0
1513952.0
1513966.0
1513980.0
1513994.0
1514008.0
1514022.0
1514036.0
1514049.0
1514062.0
1514078.0
1514092.0
1514106.0
1514120.0
1514134.0
1514148.0
1514162.0
1514176.0
1514190.0
1514204.0
1514218.0
1514232.0
1514246.0
1514260.0
1514274.0
1514288.0
1514302.0
1514316.0
1514330.0
1514344.0
1514358.0
1514372.0
1514386.0
1514400.0
1514414.0
1514428.0
1514442.0
1514456.0
1514470.0
1514484.0
1514498.0
1514512.0
1514526.0
1514540.0
1514554.0
1514568.0
1514582.0
1514596.0
1514610.0
1514624.0
1514638.0
1514652.0
1514666.0
1514680.0
1514694.0
1514708.0
1514722.0
1514736.0
1514750.0
1514764.0
1514778.0
1514792.0
1514806.0
1514820.0
1514834.0
1514848.0
1514862.0
1514876.0
1514890.0
1514904.0
1514917.0
1514932.0
1514946.0
1514960.0
1514974.0
1514988.0
1515002.0
1515016.0
1515030.0
1515044.0
1515058.0
1515072.0
1515086.0
1515100.0
1515114.0
1515128.0
1515142.0
1515156.0
1515170.0
1515184.0
1515198.0
1515212.0
1515226.0
1515240.0
1515254.0
1515268.0
1515282.0
1515296.0
1515310.0
1515323.0
1515336.0
1515350.0
1515366.0
1515380.0
1515394.0
1515408.0
1515422.0
1515436.0
1515450.0
1515464.0
1515478.0
1515492.0
1515506.0
1515520.0
1515534.0
1515548.0
1515562.0
1515576.0
1515590.0
1515604.0
1515618.0
1515632.0
1515646.0
1515660.0
1515674.0
1515688.0
1515702.0
1515716.0
1515730.0
1515744.0
1515758.0
1515772.0
1515786.0
1515800.0
1515814.0
1515828.0
1515842.0
1515856.0
1515870.0
1515884.0
1515898.0
1515912.0
1515926.0
1515940.0
1515954.0
1515968.0
1515982.0
1515996.0
1516010.0
1516024.0
1516038.0
1516052.0
1516066.0
1516080.0
1516094.0
1516108.0
1516122.0
1516136.0
1516150.0
1516164.0
1516178.0
1516192.0
1516206.0
1516220.0
1516234.0
1516248.0
1516262.0
1516276.0
1516290.0
1516304.0
1516318.0
1516332.0
1516346.0
1516360.0
1516374.0
1516388.0
1516402.0
1516416.0
1516430.0
1516444.0
1516458.0
1516472.0
1516486.0
1516500.0
1516514.0
1516528.0
1516542.0
1516556.0
1516570.0
1516584.0
1516598.0
1516611.0
1516626.0
1516640.0
1516654.0
1516668.0
1516681.0
1516694.0
1516708.0
1516721.0
1516734.0
1516747.0
1516760.0
1516773.0
1516786.0
1516799.0
1516812.0
1516825.0
1516838.0
1516851.0
1516864.0
1516877.0
1516890.0
1517220.0
1517251.0
1517265.0
1517279.0
1517293.0
1517307.0
1517321.0
1517335.0
1517349.0
1517363.0
1517377.0
1517391.0
1517405.0
1517419.0
1517433.0
1517447.0
1517461.0
1517475.0
1517489.0
1517503.0
1517517.0
1517531.0
1517545.0
1517559.0
1517573.0
1517587.0
1517601.0
1517615.0
1517629.0
1517643.0
1517657.0
1517671.0
1517685.0
1517699.0
1517713.0
1517727.0
1517741.0
1517755.0
1517769.0
1517783.0
1517797.0
1517811.0
1517825.0
1517839.0
1517853.0
1517867.0
1517880.0
1517893.0
1517909.0
1517923.0
1517937.0
1517951.0
1517965.0
1517979.0
1517993.0
1518007.0
1518021.0
1518035.0
1518049.0
1518063.0
1518077.0
1518091.0
1518105.0
1518119.0
1518133.0
1518147.0
1518161.0
1518175.0
1518189.0
1518203.0
1518217.0
1518231.0
1518245.0
1518259.0
1518273.0
1518287.0
1518301.0
1518315.0
1518329.0
1518343.0
1518357.0
1518371.0
1518385.0
1518399.0
1518413.0
1518427.0
1518441.0
1518455.0
1518469.0
1518483.0
1518497.0
1518511.0
1518525.0
1518539.0
1518553.0
1518567.0
1518581.0
1518595.0
1518609.0
1518623.0
1518637.0
1518651.0
1518665.0
1518679.0
1518693.0
1518707.0
1518721.0
1518735.0
1518749.0
1518763.0
1518777.0
1518791.0
1518805.0
1518819.0
1518833.0
1518847.0
1518861.0
1518875.0
1518889.0
1518903.0
1518917.0
1518931.0
1518945.0
1518959.0
1518973.0
1518987.0
1519001.0
1519015.0
1519029.0
1519043.0
1519057.0
1519071.0
1519085.0
1519099.0
1519113.0
1519127.0
1519141.0
1519155.0
1519168.0
1519183.0
1519197.0
1519211.0
1519225.0
1519239.0
1519253.0
1519267.0
1519281.0
1519295.0
1519309.0
1519323.0
1519337.0
1519351.0
1519365.0
1519379.0
1519393.0
1519407.0
1519421.0
1519435.0
1519449.0
1519463.0
1519477.0
1519491.0
1519505.0
1519519.0
1519533.0
1519546.0
1519559.0
1519575.0
1519589.0
1519602.0
1519615.0
1519631.0
1519644.0
1519657.0
1519670.0
1519687.0
1519701.0
1519715.0
1519729.0
1519743.0
1519757.0
1519771.0
1519785.0
1519799.0
1519813.0
1519827.0
1519841.0
1519855.0
1519869.0
1519882.0
1519897.0
1519911.0
1519925.0
1519939.0
1519952.0
1519965.0
1519978.0
1519992.0
1520009.0
1520023.0
1520037.0
1520051.0
1520065.0
1520079.0
1520093.0
1520107.0
1520121.0
1520135.0
1520149.0
1520163.0
1520177.0
1520191.0
1520205.0
1520219.0
1520233.0
1520247.0
1520261.0
1520275.0
1520289.0
1520303.0
1520317.0
1520330.0
1520343.0
1520359.0
1520373.0
1520387.0
1520401.0
1520415.0
1520429.0
1520442.0
1520457.0
1520471.0
1520485.0
1520499.0
1520513.0
1520527.0
1520541.0
1520555.0
1520569.0
1520583.0
1520597.0
1520611.0
1520625.0
1520639.0
1520653.0
1520667.0
1520681.0
1520695.0
1520709.0
1520723.0
1520737.0
1520751.0
1520765.0
1520779.0
1520793.0
1520807.0
1520821.0
1520835.0
1520849.0
1520863.0
1520877.0
1520891.0
1520905.0
1520919.0
1520933.0
1520947.0
1520961.0
1520975.0
1520989.0
1521003.0
1521017.0
1521031.0
1521045.0
1521059.0
1521073.0
1521087.0
1521101.0
1521115.0
1521129.0
1521143.0
1521156.0
1521170.0
1521185.0
1521199.0
1521213.0
1521226.0
1521240.0
1521255.0
1521269.0
1521283.0
1521297.0
1521311.0
1521325.0
1521339.0
1521353.0
1521367.0
1521381.0
1521395.0
1521409.0
1521423.0
1521437.0
1521450.0
1521464.0
1521478.0
1521493.0
1521507.0
1521521.0
1521535.0
1521549.0
1521563.0
1521577.0
1521591.0
1521605.0
1521618.0
1521633.0
1521647.0
1521661.0
1521675.0
1521689.0
1521703.0
1521716.0
1521729.0
1521745.0
1521759.0
1521773.0
1521787.0
1521801.0
1521815.0
1521829.0
1521843.0
1521857.0
1521871.0
1521885.0
1521899.0
1521912.0
1521927.0
1521941.0
1521955.0
1521968.0
1521981.0
1521996.0
1522009.0
1522025.0
1522039.0
1522053.0
1522067.0
1522081.0
1522095.0
1522109.0
1522123.0
1522136.0
1522149.0
1522162.0
1522179.0
1522193.0
1522207.0
1522220.0
1522235.0
1522249.0
1522263.0
1522277.0
1522291.0
1522305.0
1522319.0
1522333.0
1522347.0
1522361.0
1522375.0
1522389.0
1522403.0
1522417.0
1522431.0
1522444.0
1522457.0
1522473.0
1522487.0
1522501.0
1522515.0
1522529.0
1522543.0
1522557.0
1522571.0
1522585.0
1522599.0
1522613.0
1522627.0
1522641.0
1522655.0
1522669.0
1522683.0
1522696.0
1522711.0
1522725.0
1522739.0
1522753.0
1522767.0
1522781.0
1522795.0
1522809.0
1522822.0
1522835.0
1522851.0
1522865.0
1522879.0
1522893.0
1522907.0
1522921.0
1522935.0
1522949.0
1522963.0
1522977.0
1522991.0
1523004.0
1523019.0
1523033.0
1523047.0
1523061.0
1523075.0
1523089.0
1523103.0
1523117.0
1523131.0
1523145.0
1523159.0
1523173.0
1523187.0
1523201.0
1523215.0
1523229.0
1523243.0
1523256.0
1523269.0
1523285.0
1523299.0
1523312.0
1523326.0
1523340.0
1523353.0
1523366.0
1523379.0
1523392.0
1523405.0
1523419.0
1523439.0
1523452.0
1523465.0
1523478.0
1523492.0
1523509.0
1523523.0
1523537.0
1523551.0
1523565.0
1523579.0
1523593.0
1523607.0
1523621.0
1523635.0
1523649.0
1523662.0
1523675.0
1523688.0
1523703.0
1523718.0
1523732.0
1523745.0
1523758.0
1523771.0
1523784.0
1523797.0
1523810.0
1523823.0
1523836.0
1523849.0
1523873.0
1523887.0
1523901.0
1523915.0
1523929.0
1523943.0
1523957.0
1523971.0
1523985.0
1523999.0
1524013.0
1524027.0
1524041.0
1524055.0
1524069.0
1524083.0
1524097.0
1524111.0
1524125.0
1524139.0
1524153.0
1524167.0
1524181.0
1524195.0
1524209.0
1524223.0
1524237.0
1524251.0
1524265.0
1524278.0
1524291.0
1524304.0
1524317.0
1524335.0
1524349.0
1524363.0
1524377.0
1524391.0
1524405.0
1524419.0
1524433.0
1524447.0
1524461.0
1524475.0
1524489.0
1524503.0
1524517.0
1524531.0
1524545.0
1524559.0
1524573.0
1524587.0
1524601.0
1524615.0
1524629.0
1524643.0
1524656.0
1524669.0
1524685.0
1524699.0
1524713.0
1524727.0
1524741.0
1524755.0
1524769.0
1524783.0
1524797.0
1524811.0
1524825.0
1524839.0
1524853.0
1524867.0
1524881.0
1524895.0
1524909.0
1524923.0
1524937.0
1524951.0
1524965.0
1524979.0
1524993.0
1525007.0
1525021.0
1525034.0
1525049.0
1525063.0
1525077.0
1525091.0
1525105.0
1525119.0
1525133.0
1525147.0
1525161.0
1525175.0
1525189.0
1525203.0
1525217.0
1525231.0
1525245.0
1525259.0
1525273.0
1525287.0
1525301.0
1525315.0
1525329.0
1525343.0
1525356.0
1525371.0
1525385.0
1525399.0
1525412.0
1525427.0
1525441.0
1525455.0
1525469.0
1525483.0
1525497.0
1525510.0
1525525.0
1525539.0
1525552.0
1525565.0
1525581.0
1525595.0
1525608.0
1525621.0
1525637.0
1525651.0
1525665.0
1525679.0
1525693.0
1525707.0
1525721.0
1525734.0
1525749.0
1525763.0
1525777.0
1525791.0
1525805.0
1525819.0
1525833.0
1525847.0
1525861.0
1525875.0
1525889.0
1525903.0
1525917.0
1525931.0
1525945.0
1525959.0
1525973.0
1525987.0
1526001.0
1526015.0
1526029.0
1526043.0
1526057.0
1526071.0
1526085.0
1526099.0
1526113.0
1526127.0
1526141.0
1526155.0
1526169.0
1526183.0
1526197.0
1526210.0
1526223.0
1526239.0
1526253.0
1526267.0
1526281.0
1526294.0
1526308.0
1526323.0
1526336.0
1526351.0
1526365.0
1526379.0
1526393.0
1526407.0
1526421.0
1526435.0
1526449.0
1526463.0
1526477.0
1526491.0
1526505.0
1526519.0
1526533.0
1526547.0
1526561.0
1526575.0
1526589.0
1526603.0
1526617.0
1526631.0
1526645.0
1526659.0
1526673.0
1526687.0
1526701.0
1526715.0
1526729.0
1526743.0
1526757.0
1526771.0
1526785.0
1526799.0
1526813.0
1526827.0
1526840.0
1526855.0
1526869.0
1526883.0
1526897.0
1526911.0
1526925.0
1526939.0
1526953.0
1526967.0
1526981.0
1526995.0
1527009.0
1527023.0
1527037.0
1527051.0
1527065.0
1527079.0
1527093.0
1527107.0
1527121.0
1527135.0
1527149.0
1527163.0
1527177.0
1527191.0
1527205.0
1527219.0
1527233.0
1527247.0
1527261.0
1527275.0
1527289.0
1527303.0
1527317.0
1527331.0
1527344.0
1527359.0
1527373.0
1527387.0
1527401.0
1527415.0
1527428.0
1527443.0
1527457.0
1527471.0
1527485.0
1527499.0
1527512.0
1527525.0
1527541.0
1527555.0
1527569.0
1527583.0
1527596.0
1527611.0
1527625.0
1527639.0
1527653.0
1527667.0
1527681.0
1527695.0
1527709.0
1527723.0
1527737.0
1527751.0
1527765.0
1527779.0
1527793.0
1527807.0
1527821.0
1527834.0
1527849.0
1527863.0
1527876.0
1527889.0
1527902.0
1527915.0
1527931.0
1527947.0
1527961.0
1527975.0
1527989.0
1528003.0
1528017.0
1528031.0
1528045.0
1528059.0
1528073.0
1528087.0
1528101.0
1528114.0
1528127.0
1528143.0
1528157.0
1528171.0
1528185.0
1528199.0
1528213.0
1528227.0
1528241.0
1528255.0
1528269.0
1528283.0
1528297.0
1528311.0
1528325.0
1528339.0
1528353.0
1528367.0
1528381.0
1528395.0
1528409.0
1528423.0
1528437.0
1528451.0
1528465.0
1528479.0
1528493.0
1528507.0
1528521.0
1528535.0
1528549.0
1528563.0
1528577.0
1528591.0
1528605.0
1528619.0
1528633.0
1528647.0
1528661.0
1528675.0
1528689.0
1528703.0
1528717.0
1528731.0
1528745.0
1528759.0
1528773.0
1528787.0
1528801.0
1528815.0
1528829.0
1528843.0
1528857.0
1528871.0
1528885.0
1528899.0
1528913.0
1528927.0
1528941.0
1528955.0
1528969.0
1528983.0
1528997.0
1529011.0
1529025.0
1529039.0
1529053.0
1529067.0
1529081.0
1529095.0
1529109.0
1529123.0
1529137.0
1529151.0
1529165.0
1529179.0
1529193.0
1529207.0
1529221.0
1529235.0
1529249.0
1529263.0
1529277.0
1529291.0
1529305.0
1529319.0
1529333.0
1529347.0
1529361.0
1529375.0
1529389.0
1529402.0
1529416.0
1529431.0
1529445.0
1529459.0
1529473.0
1529487.0
1529501.0
1529515.0
1529529.0
1529543.0
1529557.0
1529570.0
1529584.0
1529597.0
1529613.0
1529627.0
1529641.0
1529654.0
1529669.0
1529683.0
1529697.0
1529711.0
1529725.0
1529739.0
1529753.0
1529767.0
1529781.0
1529795.0
1529809.0
1529823.0
1529837.0
1529851.0
1529865.0
1529879.0
1529893.0
1529907.0
1529921.0
1529935.0
1529949.0
1529963.0
1529977.0
1529991.0
1530005.0
1530019.0
1530033.0
1530047.0
1530061.0
1530075.0
1530088.0
1530103.0
1530116.0
1530129.0
1530144.0
1530158.0
1530171.0
1530187.0
1530200.0
1530214.0
1530229.0
1530242.0
1530255.0
1530271.0
1530285.0
1530299.0
1530313.0
1530327.0
1530341.0
1530355.0
1530369.0
1530383.0
1530397.0
1530411.0
1530425.0
1530439.0
1530453.0
1530467.0
1530480.0
1530495.0
1530509.0
1530523.0
1530537.0
1530551.0
1530565.0
1530579.0
1530593.0
1530607.0
1530621.0
1530635.0
1530649.0
1530663.0
1530676.0
1530689.0
1530705.0
1530719.0
1530733.0
1530747.0
1530761.0
1530775.0
1530789.0
1530803.0
1530817.0
1530831.0
1530845.0
1530859.0
1530873.0
1530887.0
1530901.0
1530915.0
1530929.0
1530943.0
1530957.0
1530971.0
1530985.0
1530999.0
1531013.0
1531027.0
1531041.0
1531055.0
1531069.0
1531083.0
1531097.0
1531111.0
1531125.0
1531139.0
1531153.0
1531167.0
1531181.0
1531195.0
1531209.0
1531223.0
1531237.0
1531251.0
1531265.0
1531279.0
1531293.0
1531307.0
1531321.0
1531335.0
1531349.0
1531363.0
1531377.0
1531391.0
1531405.0
1531419.0
1531433.0
1531447.0
1531461.0
1531475.0
1531489.0
1531503.0
1531517.0
1531531.0
1531545.0
1531559.0
1531573.0
1531587.0
1531601.0
1531615.0
1531629.0
1531643.0
1531657.0
1531671.0
1531685.0
1531699.0
1531713.0
1531727.0
1531741.0
1531755.0
1531769.0
1531783.0
1531797.0
1531811.0
1531825.0
1531839.0
1531853.0
1531867.0
1531881.0
1531895.0
1531909.0
1531923.0
1531937.0
1531950.0
1531963.0
1531979.0
1531993.0
1532007.0
1532021.0
1532035.0
1532049.0
1532063.0
1532077.0
1532091.0
1532105.0
1532119.0
1532133.0
1532146.0
1532159.0
1532172.0
1532185.0
1532203.0
1532217.0
1532231.0
1532245.0
1532259.0
1532273.0
1532287.0
1532301.0
1532315.0
1532329.0
1532343.0
1532357.0
1532371.0
1532385.0
1532399.0
1532413.0
1532427.0
1532441.0
1532455.0
1532469.0
1532483.0
1532497.0
1532511.0
1532524.0
1532539.0
1532553.0
1532567.0
1532581.0
1532595.0
1532609.0
1532623.0
1532637.0
1532651.0
1532665.0
1532679.0
1532693.0
1532707.0
1532721.0
1532734.0
1532747.0
1532763.0
1532777.0
1532791.0
1532804.0
1532817.0
1532830.0
1532845.0
1532861.0
1532875.0
1532888.0
1532903.0
1532917.0
1532930.0
1532945.0
1532959.0
1532972.0
1532987.0
1533001.0
1533015.0
1533029.0
1533043.0
1533057.0
1533071.0
1533085.0
1533099.0
1533113.0
1533127.0
1533141.0
1533155.0
1533169.0
1533183.0
1533197.0
1533211.0
1533225.0
1533238.0
1533251.0
1533267.0
1533281.0
1533294.0
1533309.0
1533323.0
1533336.0
1533351.0
1533365.0
1533379.0
1533393.0
1533407.0
1533421.0
1533435.0
1533449.0
1533463.0
1533477.0
1533491.0
1533505.0
1533519.0
1533533.0
1533547.0
1533561.0
1533575.0
1533589.0
1533603.0
1533617.0
1533631.0
1533645.0
1533659.0
1533673.0
1533687.0
1533701.0
1533715.0
1533729.0
1533743.0
1533757.0
1533771.0
1533785.0
1533799.0
1533813.0
1533827.0
1533841.0
1533855.0
1533869.0
1533883.0
1533897.0
1533911.0
1533925.0
1533938.0
1533953.0
1533967.0
1533981.0
1533995.0
1534009.0
1534023.0
1534037.0
1534051.0
1534065.0
1534078.0
1534093.0
1534107.0
1534121.0
1534135.0
1534149.0
1534163.0
1534176.0
1534191.0
1534204.0
1534219.0
1534232.0
1534247.0
1534260.0
1534275.0
1534289.0
1534303.0
1534317.0
1534331.0
1534344.0
1534357.0
1534373.0
1534386.0
1534401.0
1534415.0
1534429.0
1534443.0
1534457.0
1534471.0
1534485.0
1534499.0
1534512.0
1534525.0
1534541.0
1534555.0
1534569.0
1534583.0
1534597.0
1534611.0
1534625.0
1534639.0
1534652.0
1534667.0
1534681.0
1534694.0
1534709.0
1534723.0
1534737.0
1534751.0
1534765.0
1534778.0
1534793.0
1534807.0
1534820.0
1534833.0
1534849.0
1534863.0
1534877.0
1534891.0
1534905.0
1534919.0
1534932.0
1534947.0
1534961.0
1534975.0
1534989.0
1535003.0
1535017.0
1535031.0
1535045.0
1535059.0
1535073.0
1535087.0
1535101.0
1535115.0
1535129.0
1535143.0
1535157.0
1535171.0
1535184.0
1535199.0
1535213.0
1535227.0
1535241.0
1535255.0
1535269.0
1535283.0
1535297.0
1535311.0
1535325.0
1535339.0
1535353.0
1535367.0
1535381.0
1535395.0
1535409.0
1535423.0
1535437.0
1535451.0
1535465.0
1535479.0
1535493.0
1535507.0
1535521.0
1535535.0
1535549.0
1535563.0
1535577.0
1535591.0
1535605.0
1535619.0
1535633.0
1535647.0
1535661.0
1535675.0
1535689.0
1535702.0
1535717.0
1535731.0
1535744.0
1535759.0
1535772.0
1535785.0
1535798.0
1535815.0
1535829.0
1535843.0
1535857.0
1535871.0
1535885.0
1535899.0
1535913.0
1535927.0
1535941.0
1535955.0
1535969.0
1535983.0
1535997.0
1536011.0
1536025.0
1536039.0
1536053.0
1536067.0
1536081.0
1536095.0
1536108.0
1536123.0
1536137.0
1536151.0
1536165.0
1536179.0
1536193.0
1536207.0
1536221.0
1536235.0
1536249.0
1536263.0
1536277.0
1536291.0
1536305.0
1536319.0
1536333.0
1536347.0
1536361.0
1536375.0
1536389.0
1536403.0
1536417.0
1536431.0
1536445.0
1536458.0
1536471.0
1536487.0
1536501.0
1536515.0
1536529.0
1536543.0
1536557.0
1536571.0
1536585.0
1536599.0
1536613.0
1536627.0
1536641.0
1536655.0
1536669.0
1536683.0
1536697.0
1536711.0
1536725.0
1536738.0
1536753.0
1536767.0
1536781.0
1536795.0
1536809.0
1536823.0
1536837.0
1536851.0
1536865.0
1536879.0
1536893.0
1536907.0
1536921.0
1536935.0
1536949.0
1536963.0
1536977.0
1536991.0
1537005.0
1537019.0
1537033.0
1537047.0
1537061.0
1537074.0
1537088.0
1537103.0
1537117.0
1537131.0
1537145.0
1537159.0
1537173.0
1537187.0
1537201.0
1537215.0
1537229.0
1537243.0
1537257.0
1537271.0
1537285.0
1537299.0
1537313.0
1537326.0
1537339.0
1537355.0
1537369.0
1537383.0
1537397.0
1537411.0
1537425.0
1537439.0
1537453.0
1537467.0
1537481.0
1537495.0
1537509.0
1537523.0
1537537.0
1537551.0
1537565.0
1537579.0
1537593.0
1537607.0
1537621.0
1537635.0
1537649.0
1537663.0
1537677.0
1537691.0
1537705.0
1537719.0
1537733.0
1537747.0
1537761.0
1537775.0
1537789.0
1537803.0
1537817.0
1537831.0
1537845.0
1537859.0
1537873.0
1537887.0
1537901.0
1537915.0
1537929.0
1537943.0
1537957.0
1537971.0
1537985.0
1537999.0
1538013.0
1538027.0
1538041.0
1538055.0
1538069.0
1538083.0
1538097.0
1538110.0
1538123.0
1538139.0
1538153.0
1538167.0
1538180.0
1538194.0
1538209.0
1538223.0
1538237.0
1538251.0
1538265.0
1538278.0
1538293.0
1538307.0
1538321.0
1538335.0
1538348.0
1538361.0
1538374.0
1538387.0
1538402.0
1538415.0
1538428.0
1538447.0
1538461.0
1538475.0
1538489.0
1538502.0
1538517.0
1538531.0
1538544.0
1538557.0
1538573.0
1538586.0
1538599.0
1538612.0
1538625.0
1538641.0
1538657.0
1538671.0
1538685.0
1538699.0
1538713.0
1538727.0
1538740.0
1538755.0
1538769.0
1538783.0
1538797.0
1538811.0
1538825.0
1538839.0
1538853.0
1538867.0
1538881.0
1538894.0
1538907.0
1538923.0
1538937.0
1538951.0
1538965.0
1538979.0
1538992.0
1539007.0
1539021.0
1539035.0
1539049.0
1539063.0
1539077.0
1539091.0
1539105.0
1539119.0
1539133.0
1539147.0
1539161.0
1539174.0
1539187.0
1539200.0
1539213.0
1539226.0
1539239.0
1539252.0
1539265.0
1539278.0
1539293.0
1539315.0
1539329.0
1539343.0
1539357.0
1539371.0
1539385.0
1539399.0
1539413.0
1539427.0
1539441.0
1539455.0
1539469.0
1539483.0
1539497.0
1539511.0
1539525.0
1539539.0
1539553.0
1539567.0
1539580.0
1539595.0
1539609.0
1539623.0
1539636.0
1539651.0
1539665.0
1539679.0
1539693.0
1539707.0
1539721.0
1539735.0
1539749.0
1539763.0
1539777.0
1539791.0
1539805.0
1539819.0
1539833.0
1539847.0
1539861.0
1539875.0
1539889.0
1539903.0
1539917.0
1539931.0
1539945.0
1539959.0
1539973.0
1539987.0
1540001.0
1540015.0
1540029.0
1540043.0
1540057.0
1540071.0
1540085.0
1540098.0
1540113.0
1540127.0
1540141.0
1540155.0
1540169.0
1540183.0
1540197.0
1540211.0
1540225.0
1540239.0
1540253.0
1540267.0
1540281.0
1540295.0
1540309.0
1540323.0
1540337.0
1540351.0
1540365.0
1540379.0
1540393.0
1540407.0
1540421.0
1540435.0
1540449.0
1540463.0
1540477.0
1540491.0
1540505.0
1540519.0
1540533.0
1540547.0
1540561.0
1540575.0
1540589.0
1540603.0
1540617.0
1540631.0
1540645.0
1540659.0
1540673.0
1540687.0
1540701.0
1540715.0
1540729.0
1540743.0
1540757.0
1540771.0
1540785.0
1540799.0
1540813.0
1540827.0
1540841.0
1540855.0
1540869.0
1540883.0
1540897.0
1540910.0
1540923.0
1540939.0
1540953.0
1540967.0
1540981.0
1540995.0
1541009.0
1541023.0
1541037.0
1541051.0
1541065.0
1541079.0
1541093.0
1541107.0
1541121.0
1541135.0
1541149.0
1541163.0
1541177.0
1541191.0
1541205.0
1541219.0
1541233.0
1541247.0
1541261.0
1541275.0
1541289.0
1541303.0
1541317.0
1541331.0
1541345.0
1541359.0
1541373.0
1541387.0
1541401.0
1541415.0
1541429.0
1541443.0
1541457.0
1541471.0
1541485.0
1541499.0
1541513.0
1541527.0
1541541.0
1541555.0
1541569.0
1541582.0
1541595.0
1541611.0
1541625.0
1541639.0
1541653.0
1541667.0
1541681.0
1541695.0
1541709.0
1541723.0
1541737.0
1541750.0
1541763.0
1541776.0
1541790.0
1541803.0
1541816.0
1541829.0
1541842.0
1541856.0
1541871.0
1541889.0
1541905.0
1541919.0
1541933.0
1541947.0
1541961.0
1541975.0
1541989.0
1542003.0
1542017.0
1542031.0
1542045.0
1542059.0
1542073.0
1542087.0
1542101.0
1542115.0
1542129.0
1542143.0
1542157.0
1542171.0
1542184.0
1542197.0
1542213.0
1542227.0
1542241.0
1542255.0
1542269.0
1542283.0
1542297.0
1542311.0
1542325.0
1542339.0
1542353.0
1542367.0
1542381.0
1542394.0
1542409.0
1542423.0
1542436.0
1542449.0
1542465.0
1542479.0
1542493.0
1542507.0
1542521.0
1542535.0
1542548.0
1542563.0
1542577.0
1542591.0
1542605.0
1542619.0
1542633.0
1542647.0
1542661.0
1542675.0
1542689.0
1542703.0
1542717.0
1542731.0
1542745.0
1542759.0
1542773.0
1542787.0
1542801.0
1542815.0
1542829.0
1542843.0
1542856.0
1542871.0
1542885.0
1542899.0
1542913.0
1542927.0
1542941.0
1542955.0
1542969.0
1542983.0
1542997.0
1543011.0
1543024.0
1543037.0
1543053.0
1543066.0
1543081.0
1543095.0
1543109.0
1543123.0
1543137.0
1543151.0
1543164.0
1543177.0
1543191.0
1543207.0
1543221.0
1543234.0
1543247.0
1543261.0
1543277.0
1543291.0
1543305.0
1543319.0
1543333.0
1543347.0
1543361.0
1543375.0
1543389.0
1543403.0
1543417.0
1543431.0
1543445.0
1543459.0
1543472.0
1543485.0
1543501.0
1543515.0
1543529.0
1543542.0
1543557.0
1543571.0
1543585.0
1543599.0
1543613.0
1543626.0
1543639.0
1543655.0
1543669.0
1543683.0
1543697.0
1543711.0
1543724.0
1543739.0
1543753.0
1543767.0
1543781.0
1543795.0
1543809.0
1543823.0
1543837.0
1543851.0
1543865.0
1543879.0
1543893.0
1543906.0
1543921.0
1543934.0
1543949.0
1543963.0
1543977.0
1543991.0
1544005.0
1544018.0
1544031.0
1544044.0
1544057.0
1544070.0
1544084.0
1544103.0
1544117.0
1544131.0
1544145.0
1544159.0
1544173.0
1544187.0
1544201.0
1544215.0
1544229.0
1544243.0
1544257.0
1544271.0
1544285.0
1544299.0
1544312.0
1544325.0
1544341.0
1544355.0
1544369.0
1544383.0
1544397.0
1544411.0
1544425.0
1544439.0
1544453.0
1544467.0
1544481.0
1544495.0
1544509.0
1544523.0
1544537.0
1544551.0
1544565.0
1544579.0
1544593.0
1544607.0
1544621.0
1544634.0
1544647.0
1544660.0
1544677.0
1544691.0
1544705.0
1544719.0
1544733.0
1544746.0
1544759.0
1544775.0
1544789.0
1544803.0
1544817.0
1544831.0
1544845.0
1544859.0
1544873.0
1544887.0
1544901.0
1544915.0
1544929.0
1544943.0
1544957.0
1544971.0
1544985.0
1544999.0
1545013.0
1545027.0
1545041.0
1545055.0
1545069.0
1545083.0
1545097.0
1545111.0
1545125.0
1545139.0
1545153.0
1545167.0
1545181.0
1545195.0
1545209.0
1545223.0
1545237.0
1545251.0
1545265.0
1545279.0
1545293.0
1545307.0
1545321.0
1545335.0
1545349.0
1545363.0
1545377.0
1545391.0
1545405.0
1545419.0
1545433.0
1545447.0
1545461.0
1545475.0
1545489.0
1545503.0
1545517.0
1545531.0
1545545.0
1545559.0
1545573.0
1545587.0
1545601.0
1545615.0
1545629.0
1545643.0
1545657.0
1545671.0
1545685.0
1545699.0
1545713.0
1545727.0
1545740.0
1545753.0
1545766.0
1545779.0
1545792.0
1545806.0
1545819.0
1545832.0
1545853.0
1545867.0
1545881.0
1545895.0
1545909.0
1545923.0
1545937.0
1545951.0
1545965.0
1545979.0
1545993.0
1546007.0
1546021.0
1546034.0
1546048.0
1546063.0
1546077.0
1546091.0
1546105.0
1546119.0
1546133.0
1546147.0
1546161.0
1546175.0
1546189.0
1546203.0
1546217.0
1546231.0
1546245.0
1546259.0
1546273.0
1546287.0
1546301.0
1546315.0
1546329.0
1546343.0
1546357.0
1546371.0
1546385.0
1546399.0
1546413.0
1546427.0
1546440.0
1546455.0
1546469.0
1546483.0
1546497.0
1546511.0
1546525.0
1546539.0
1546553.0
1546567.0
1546581.0
1546595.0
1546609.0
1546623.0
1546637.0
1546651.0
1546665.0
1546679.0
1546693.0
1546707.0
1546721.0
1546735.0
1546749.0
1546763.0
1546777.0
1546791.0
1546805.0
1546819.0
1546833.0
1546847.0
1546861.0
1546875.0
1546889.0
1546903.0
1546917.0
1546931.0
1546945.0
1546959.0
1546973.0
1546987.0
1547001.0
1547015.0
1547029.0
1547043.0
1547057.0
1547071.0
1547085.0
1547099.0
1547113.0
1547127.0
1547141.0
1547155.0
1547169.0
1547183.0
1547197.0
1547211.0
1547225.0
1547239.0
1547253.0
1547267.0
1547281.0
1547295.0
1547308.0
1547322.0
1547337.0
1547351.0
1547365.0
1547379.0
1547393.0
1547407.0
1547421.0
1547435.0
1547449.0
1547463.0
1547477.0
1547491.0
1547505.0
1547519.0
1547533.0
1547547.0
1547561.0
1547575.0
1547589.0
1547603.0
1547617.0
1547631.0
1547645.0
1547659.0
1547673.0
1547687.0
1547701.0
1547715.0
1547729.0
1547743.0
1547757.0
1547771.0
1547785.0
1547799.0
1547813.0
1547827.0
1547841.0
1547855.0
1547869.0
1547883.0
1547896.0
1547909.0
1547922.0
1547939.0
1547953.0
1547967.0
1547980.0
1547993.0
1548009.0
1548023.0
1548037.0
1548051.0
1548064.0
1548077.0
1548090.0
1548107.0
1548121.0
1548135.0
1548148.0
1548161.0
1548177.0
1548191.0
1548205.0
1548219.0
1548233.0
1548247.0
1548261.0
1548274.0
1548287.0
1548303.0
1548317.0
1548331.0
1548345.0
1548358.0
1548371.0
1548384.0
1548397.0
1548410.0
1548423.0
1548437.0
1548452.0
1548471.0
1548484.0
1548497.0
1548513.0
1548527.0
1548541.0
1548555.0
1548569.0
1548582.0
1548595.0
1548611.0
1548625.0
1548639.0
1548653.0
1548667.0
1548681.0
1548695.0
1548709.0
1548723.0
1548737.0
1548751.0
1548765.0
1548779.0
1548793.0
1548807.0
1548821.0
1548835.0
1548849.0
1548863.0
1548877.0
1548891.0
1548904.0
1548917.0
1548930.0
1548943.0
1548956.0
1548969.0
1548989.0
1549003.0
1549017.0
1549031.0
1549045.0
1549059.0
1549073.0
1549087.0
1549101.0
1549115.0
1549129.0
1549143.0
1549157.0
1549171.0
1549185.0
1549199.0
1549213.0
1549227.0
1549241.0
1549255.0
1549269.0
1549283.0
1549297.0
1549311.0
1549325.0
1549339.0
1549353.0
1549367.0
1549381.0
1549395.0
1549409.0
1549423.0
1549437.0
1549451.0
1549465.0
1549479.0
1549493.0
1549507.0
1549521.0
1549535.0
1549549.0
1549563.0
1549577.0
1549591.0
1549605.0
1549619.0
1549633.0
1549647.0
1549661.0
1549675.0
1549689.0
1549703.0
1549716.0
1549729.0
1549745.0
1549759.0
1549772.0
1549785.0
1549798.0
1549815.0
1549829.0
1549843.0
1549857.0
1549870.0
1549885.0
1549899.0
1549913.0
1549927.0
1549941.0
1549955.0
1549969.0
1549983.0
1549997.0
1550011.0
1550025.0
1550039.0
1550053.0
1550067.0
1550081.0
1550095.0
1550109.0
1550122.0
1550137.0
1550150.0
1550163.0
1550176.0
1550189.0
1550202.0
1550215.0
1550235.0
1550249.0
1550263.0
1550276.0
1550291.0
1550305.0
1550319.0
1550333.0
1550346.0
1550359.0
1550375.0
1550388.0
1550402.0
1550415.0
1550429.0
1550442.0
1550456.0
1550469.0
1550485.0
1550501.0
1550515.0
1550529.0
1550543.0
1550557.0
1550571.0
1550585.0
1550599.0
1550613.0
1550627.0
1550641.0
1550655.0
1550669.0
1550683.0
1550697.0
1550711.0
1550725.0
1550739.0
1550753.0
1550767.0
1550781.0
1550795.0
1550809.0
1550822.0
1550837.0
1550850.0
1550863.0
1550876.0
1550891.0
1550904.0
1550921.0
1550935.0
1550949.0
1550963.0
1550977.0
1550991.0
1551005.0
1551019.0
1551033.0
1551047.0
1551061.0
1551075.0
1551089.0
1551103.0
1551117.0
1551131.0
1551144.0
1551157.0
1551170.0
1551187.0
1551201.0
1551215.0
1551229.0
1551243.0
1551257.0
1551271.0
1551285.0
1551299.0
1551313.0
1551327.0
1551341.0
1551355.0
1551369.0
1551383.0
1551397.0
1551411.0
1551425.0
1551439.0
1551453.0
1551467.0
1551480.0
1551494.0
1551508.0
1551523.0
1551537.0
1551551.0
1551564.0
1551579.0
1551593.0
1551607.0
1551621.0
1551635.0
1551649.0
1551662.0
1551675.0
1551690.0
1551703.0
1551719.0
1551733.0
1551747.0
1551761.0
1551775.0
1551789.0
1551803.0
1551817.0
1551831.0
1551845.0
1551859.0
1551873.0
1551887.0
1551901.0
1551915.0
1551929.0
1551943.0
1551957.0
1551970.0
1551985.0
1551999.0
1552012.0
1552027.0
1552041.0
1552055.0
1552069.0
1552082.0
1552095.0
1552108.0
1552125.0
1552139.0
1552153.0
1552167.0
1552181.0
1552195.0
1552209.0
1552223.0
1552237.0
1552251.0
1552265.0
1552279.0
1552293.0
1552307.0
1552321.0
1552335.0
1552349.0
1552363.0
1552377.0
1552390.0
1552404.0
1552417.0
1552430.0
1552443.0
1552456.0
1552469.0
1552482.0
1552496.0
1552509.0
1552522.0
1552536.0
1552558.0
1552571.0
1552584.0
1552597.0
1552610.0
1552623.0
1552636.0
1552649.0
1552662.0
1552675.0
1552688.0
1552713.0
1552727.0
1552741.0
1552755.0
1552769.0
1552782.0
1552797.0
1552811.0
1552825.0
1552838.0
1552851.0
1552867.0
1552881.0
1552895.0
1552908.0
1552922.0
1552935.0
1552951.0
1552965.0
1552979.0
1552992.0
1553007.0
1553020.0
1553035.0
1553049.0
1553063.0
1553077.0
1553090.0
1553105.0
1553119.0
1553133.0
1553147.0
1553161.0
1553175.0
1553189.0
1553203.0
1553217.0
1553231.0
1553245.0
1553259.0
1553273.0
1553287.0
1553301.0
1553315.0
1553329.0
1553343.0
1553357.0
1553370.0
1553383.0
1553399.0
1553413.0
1553427.0
1553440.0
1553453.0
1553469.0
1553483.0
1553497.0
1553511.0
1553524.0
1553537.0
1553550.0
1553565.0
1553581.0
1553595.0
1553609.0
1553623.0
1553636.0
1553651.0
1553665.0
1553679.0
1553693.0
1553706.0
1553719.0
1553732.0
1553749.0
1553763.0
1553777.0
1553791.0
1553805.0
1553819.0
1553833.0
1553847.0
1553861.0
1553875.0
1553889.0
1553903.0
1553916.0
1553931.0
1553945.0
1553959.0
1553973.0
1553987.0
1554001.0
1554015.0
1554029.0
1554043.0
1554057.0
1554071.0
1554085.0
1554099.0
1554113.0
1554127.0
1554141.0
1554155.0
1554169.0
1554183.0
1554197.0
1554211.0
1554225.0
1554239.0
1554253.0
1554267.0
1554281.0
1554295.0
1554309.0
1554323.0
1554337.0
1554351.0
1554365.0
1554379.0
1554392.0
1554407.0
1554421.0
1554435.0
1554449.0
1554463.0
1554477.0
1554491.0
1554505.0
1554519.0
1554533.0
1554547.0
1554561.0
1554575.0
1554589.0
1554603.0
1554617.0
1554631.0
1554645.0
1554659.0
1554673.0
1554687.0
1554701.0
1554715.0
1554729.0
1554743.0
1554757.0
1554771.0
1554785.0
1554799.0
1554813.0
1554827.0
1554841.0
1554855.0
1554869.0
1554883.0
1554897.0
1554911.0
1554925.0
1554939.0
1554953.0
1554967.0
1554980.0
1554993.0
1555009.0
1555023.0
1555037.0
1555051.0
1555065.0
1555079.0
1555093.0
1555107.0
1555121.0
1555135.0
1555149.0
1555163.0
1555177.0
1555191.0
1555205.0
1555219.0
1555233.0
1555247.0
1555261.0
1555275.0
1555289.0
1555303.0
1555317.0
1555331.0
1555345.0
1555359.0
1555373.0
1555387.0
1555401.0
1555415.0
1555429.0
1555443.0
1555457.0
1555471.0
1555485.0
1555499.0
1555513.0
1555527.0
1555541.0
1555555.0
1555569.0
1555583.0
1555597.0
1555611.0
1555625.0
1555639.0
1555652.0
1555665.0
1555678.0
1555695.0
1555709.0
1555723.0
1555736.0
1555749.0
1555765.0
1555779.0
1555793.0
1555807.0
1555821.0
1555835.0
1555849.0
1555863.0
1555877.0
1555891.0
1555905.0
1555919.0
1555933.0
1555947.0
1555961.0
1555975.0
1555988.0
1556003.0
1556017.0
1556031.0
1556045.0
1556059.0
1556073.0
1556087.0
1556101.0
1556115.0
1556129.0
1556143.0
1556157.0
1556170.0
1556183.0
1556199.0
1556213.0
1556227.0
1556241.0
1556255.0
1556268.0
1556282.0
1556297.0
1556311.0
1556325.0
1556339.0
1556353.0
1556366.0
1556381.0
1556395.0
1556409.0
1556423.0
1556437.0
1556451.0
1556465.0
1556479.0
1556493.0
1556507.0
1556521.0
1556535.0
1556549.0
1556563.0
1556576.0
1556591.0
1556605.0
1556619.0
1556633.0
1556647.0
1556661.0
1556674.0
1556689.0
1556703.0
1556717.0
1556731.0
1556745.0
1556759.0
1556773.0
1556787.0
1556801.0
1556815.0
1556829.0
1556843.0
1556857.0
1556871.0
1556885.0
1556899.0
1556913.0
1556927.0
1556941.0
1556955.0
1556969.0
1556982.0
1556995.0
1557011.0
1557025.0
1557039.0
1557053.0
1557067.0
1557081.0
1557095.0
1557108.0
1557122.0
1557135.0
1557151.0
1557165.0
1557179.0
1557193.0
1557207.0
1557221.0
1557234.0
1557247.0
1557263.0
1557277.0
1557291.0
1557305.0
1557318.0
1557331.0
1557344.0
1557359.0
1557375.0
1557389.0
1557402.0
1557417.0
1557431.0
1557445.0
1557459.0
1557473.0
1557487.0
1557501.0
1557515.0
1557529.0
1557542.0
1557555.0
1557571.0
1557585.0
1557599.0
1557613.0
1557627.0
1557641.0
1557655.0
1557669.0
1557683.0
1557697.0
1557711.0
1557725.0
1557739.0
1557753.0
1557767.0
1557781.0
1557795.0
1557809.0
1557823.0
1557837.0
1557851.0
1557865.0
1557879.0
1557893.0
1557907.0
1557921.0
1557935.0
1557949.0
1557963.0
1557977.0
1557991.0
1558005.0
1558019.0
1558033.0
1558047.0
1558061.0
1558075.0
1558089.0
1558103.0
1558117.0
1558131.0
1558145.0
1558159.0
1558173.0
1558187.0
1558201.0
1558215.0
1558229.0
1558243.0
1558257.0
1558271.0
1558285.0
1558299.0
1558313.0
1558327.0
1558341.0
1558355.0
1558369.0
1558383.0
1558397.0
1558411.0
1558425.0
1558439.0
1558453.0
1558467.0
1558481.0
1558495.0
1558509.0
1558523.0
1558537.0
1558551.0
1558565.0
1558579.0
1558593.0
1558607.0
1558621.0
1558635.0
1558649.0
1558663.0
1558677.0
1558691.0
1558705.0
1558719.0
1558733.0
1558746.0
1558761.0
1558775.0
1558788.0
1558803.0
1558816.0
1558829.0
1558842.0
1558857.0
1558873.0
1558887.0
1558901.0
1558914.0
1558928.0
1558941.0
1558954.0
1558967.0
1558985.0
1558999.0
1559012.0
1559027.0
1559041.0
1559055.0
1559068.0
1559083.0
1559097.0
1559111.0
1559125.0
1559139.0
1559153.0
1559167.0
1559181.0
1559195.0
1559209.0
1559223.0
1559236.0
1559251.0
1559265.0
1559279.0
1559293.0
1559307.0
1559321.0
1559335.0
1559349.0
1559363.0
1559377.0
1559391.0
1559404.0
1559419.0
1559433.0
1559446.0
1559459.0
1559473.0
1559486.0
1559499.0
1559513.0
1559526.0
1559545.0
1559559.0
1559573.0
1559587.0
1559601.0
1559615.0
1559629.0
1559642.0
1559657.0
1559671.0
1559685.0
1559699.0
1559713.0
1559727.0
1559741.0
1559755.0
1559769.0
1559783.0
1559797.0
1559811.0
1559825.0
1559839.0
1559853.0
1559867.0
1559881.0
1559895.0
1559909.0
1559923.0
1559937.0
1559950.0
1559965.0
1559979.0
1559993.0
1560007.0
1560021.0
1560035.0
1560049.0
1560063.0
1560077.0
1560091.0
1560104.0
1560118.0
1560132.0
1560147.0
1560160.0
1560173.0
1560187.0
1560201.0
1560217.0
1560231.0
1560244.0
1560258.0
1560273.0
1560287.0
1560301.0
1560315.0
1560329.0
1560343.0
1560357.0
1560371.0
1560385.0
1560399.0
1560413.0
1560427.0
1560441.0
1560455.0
1560469.0
1560483.0
1560497.0
1560511.0
1560525.0
1560539.0
1560553.0
1560566.0
1560581.0
1560595.0
1560609.0
1560623.0
1560637.0
1560651.0
1560665.0
1560679.0
1560693.0
1560707.0
1560721.0
1560735.0
1560749.0
1560763.0
1560777.0
1560791.0
1560805.0
1560818.0
1560832.0
1560845.0
1560858.0
1560871.0
1560887.0
1560900.0
1560916.0
1560930.0
1560944.0
1560957.0
1560970.0
1560983.0
1560996.0
1561009.0
1561023.0
1561036.0
1561051.0
1561065.0
1561079.0
1561095.0
1561110.0
1561125.0
1561138.0
1561151.0
1561164.0
1561177.0
1561190.0
1561203.0
1561216.0
1561230.0
1561253.0
1561267.0
1561281.0
1561295.0
1561309.0
1561323.0
1561336.0
1561350.0
1561363.0
1561376.0
1561389.0
1561404.0
1561417.0
1561430.0
1561445.0
1561459.0
1561475.0
1561491.0
1561505.0
1561518.0
1561531.0
1561547.0
1561561.0
1561575.0
1561589.0
1561603.0
1561617.0
1561631.0
1561645.0
1561659.0
1561673.0
1561687.0
1561701.0
1561715.0
1561729.0
1561743.0
1561757.0
1561771.0
1561785.0
1561799.0
1561813.0
1561827.0
1561841.0
1561855.0
1561869.0
1561883.0
1561897.0
1561911.0
1561925.0
1561939.0
1561953.0
1561967.0
1561981.0
1561995.0
1562008.0
1562023.0
1562037.0
1562051.0
1562065.0
1562079.0
1562093.0
1562107.0
1562121.0
1562135.0
1562148.0
1562163.0
1562177.0
1562191.0
1562205.0
1562219.0
1562233.0
1562247.0
1562261.0
1562275.0
1562289.0
1562303.0
1562316.0
1562329.0
1562345.0
1562359.0
1562373.0
1562386.0
1562399.0
1562412.0
1562429.0
1562443.0
1562457.0
1562471.0
1562485.0
1562499.0
1562513.0
1562527.0
1562541.0
1562555.0
1562569.0
1562583.0
1562597.0
1562611.0
1562625.0
1562639.0
1562652.0
1562665.0
1562681.0
1562695.0
1562709.0
1562723.0
1562737.0
1562751.0
1562765.0
1562779.0
1562793.0
1562807.0
1562821.0
1562835.0
1562849.0
1562863.0
1562877.0
1562891.0
1562905.0
1562919.0
1562933.0
1562947.0
1562961.0
1562975.0
1562989.0
1563002.0
1563015.0
1563031.0
1563045.0
1563059.0
1563073.0
1563087.0
1563101.0
1563115.0
1563129.0
1563143.0
1563157.0
1563171.0
1563185.0
1563199.0
1563213.0
1563227.0
1563241.0
1563255.0
1563269.0
1563283.0
1563297.0
1563311.0
1563325.0
1563339.0
1563353.0
1563366.0
1563381.0
1563395.0
1563409.0
1563423.0
1563437.0
1563451.0
1563465.0
1563479.0
1563493.0
1563507.0
1563521.0
1563535.0
1563549.0
1563563.0
1563577.0
1563591.0
1563605.0
1563619.0
1563633.0
1563647.0
1563661.0
1563675.0
1563689.0
1563703.0
1563717.0
1563731.0
1563745.0
1563759.0
1563773.0
1563787.0
1563801.0
1563815.0
1563829.0
1563843.0
1563857.0
1563871.0
1563885.0
1563899.0
1563913.0
1563927.0
1563940.0
1563955.0
1563969.0
1563983.0
1563997.0
1564010.0
1564023.0
1564036.0
1564053.0
1564067.0
1564081.0
1564095.0
1564109.0
1564123.0
1564136.0
1564150.0
1564163.0
1564176.0
1564189.0
1564207.0
1564221.0
1564235.0
1564249.0
1564263.0
1564277.0
1564291.0
1564305.0
1564319.0
1564333.0
1564347.0
1564361.0
1564375.0
1564389.0
1564403.0
1564416.0
1564431.0
1564445.0
1564459.0
1564473.0
1564487.0
1564501.0
1564515.0
1564529.0
1564543.0
1564557.0
1564571.0
1564585.0
1564599.0
1564613.0
1564627.0
1564641.0
1564655.0
1564669.0
1564683.0
1564697.0
1564711.0
1564725.0
1564739.0
1564753.0
1564767.0
1564781.0
1564795.0
1564809.0
1564823.0
1564836.0
1564849.0
1564865.0
1564879.0
1564893.0
1564907.0
1564920.0
1564933.0
1564949.0
1564963.0
1564977.0
1564991.0
1565005.0
1565019.0
1565033.0
1565047.0
1565061.0
1565075.0
1565089.0
1565103.0
1565117.0
1565131.0
1565145.0
1565159.0
1565173.0
1565187.0
1565201.0
1565214.0
1565228.0
1565243.0
1565257.0
1565271.0
1565285.0
1565299.0
1565313.0
1565327.0
1565341.0
1565355.0
1565369.0
1565383.0
1565397.0
1565411.0
1565425.0
1565439.0
1565453.0
1565467.0
1565481.0
1565495.0
1565509.0
1565522.0
1565535.0
1565551.0
1565564.0
1565577.0
1565590.0
1565604.0
1565621.0
1565635.0
1565649.0
1565663.0
1565677.0
1565691.0
1565705.0
1565719.0
1565733.0
1565747.0
1565761.0
1565775.0
1565789.0
1565803.0
1565817.0
1565831.0
1565845.0
1565859.0
1565873.0
1565887.0
1565901.0
1565915.0
1565929.0
1565943.0
1565957.0
1565971.0
1565985.0
1565999.0
1566013.0
1566027.0
1566041.0
1566055.0
1566069.0
1566083.0
1566097.0
1566111.0
1566125.0
1566139.0
1566153.0
1566167.0
1566181.0
1566195.0
1566209.0
1566223.0
1566237.0
1566251.0
1566265.0
1566279.0
1566293.0
1566307.0
1566321.0
1566335.0
1566349.0
1566363.0
1566377.0
1566391.0
1566405.0
1566419.0
1566433.0
1566447.0
1566461.0
1566475.0
1566488.0
1566501.0
1566514.0
1566529.0
1566545.0
1566559.0
1566573.0
1566587.0
1566600.0
1566613.0
1566626.0
1566639.0
1566657.0
1566671.0
1566685.0
1566699.0
1566712.0
1566725.0
1566741.0
1566755.0
1566769.0
1566783.0
1566797.0
1566811.0
1566825.0
1566839.0
1566853.0
1566867.0
1566881.0
1566895.0
1566908.0
1566921.0
1566937.0
1566951.0
1566965.0
1566979.0
1566993.0
1567007.0
1567021.0
1567035.0
1567049.0
1567063.0
1567077.0
1567091.0
1567105.0
1567119.0
1567133.0
1567147.0
1567161.0
1567175.0
1567189.0
1567203.0
1567216.0
1567231.0
1567245.0
1567259.0
1567273.0
1567287.0
1567301.0
1567315.0
1567329.0
1567343.0
1567357.0
1567371.0
1567385.0
1567399.0
1567413.0
1567427.0
1567441.0
1567455.0
1567469.0
1567482.0
1567497.0
1567511.0
1567524.0
1567539.0
1567553.0
1567567.0
1567581.0
1567595.0
1567609.0
1567623.0
1567637.0
1567651.0
1567665.0
1567679.0
1567693.0
1567707.0
1567721.0
1567735.0
1567749.0
1567763.0
1567776.0
1567791.0
1567805.0
1567819.0
1567833.0
1567847.0
1567861.0
1567875.0
1567889.0
1567903.0
1567917.0
1567931.0
1567944.0
1567959.0
1567973.0
1567987.0
1568001.0
1568015.0
1568029.0
1568043.0
1568056.0
1568069.0
1568082.0
1568099.0
1568112.0
