1484498737.0
-7.37
-7.41
-7.37
-7.37
-7.37
-7.41
-7.41
-7.3
-7.41
-7.37
-7.41
-7.45
-7.37
-7.45
-7.37
-7.41
-7.37
-7.37
-7.49
-7.37
-7.45
-7.34
-7.37
-7.41
-7.37
-7.37
-7.37
-7.41
-7.37
-7.49
-7.49
-7.37
-7.34
-7.45
-7.41
-7.41
-7.41
-7.37
-7.34
-7.37
-7.41
-7.41
-7.37
-7.34
-7.41
-7.41
-7.49
-7.53
-7.41
-7.34
-7.45
-7.49
-7.57
-7.65
-7.49
-7.34
-7.53
-7.14
-7.02
-7.49
-7.53
-7.65
-7.37
-7.22
-7.18
-7.37
-7.49
-7.49
-7.57
-7.92
-7.96
-8.04
-7.81
-8.0
-7.85
-8.04
-8.04
-8.04
-8.08
-8.08
-7.96
-8.36
-8.59
-8.75
-8.36
-8.16
-8.28
-7.92
-7.49
-7.96
-8.63
-8.32
-8.08
-8.08
-7.92
-7.92
-7.77
-7.77
-8.0
-8.39
-8.47
-7.96
-7.61
-7.92
-7.41
-7.57
-7.65
-7.53
-7.22
-7.77
-8.12
-8.43
-8.24
-7.65
-6.59
-8.36
-9.57
-9.69
-8.59
-8.36
-8.24
-6.86
-6.86
-6.24
-6.35
-7.18
-7.81
-7.73
-7.69
-8.36
-8.43
-7.81
-7.81
-7.81
-8.24
-8.59
-8.75
-9.1
-8.94
-8.94
-8.83
-8.32
-8.16
-8.12
-8.2
-8.28
-8.2
-7.92
-7.96
-9.18
-10.51
-9.92
-9.34
-8.83
-8.9
-10.51
-11.96
-13.34
-9.26
-7.49
-6.67
-6.79
-7.61
-8.67
-9.38
-7.61
-7.18
-7.49
-8.79
-8.24
-8.28
-8.39
-8.2
-8.39
-7.92
-7.96
-8.39
-8.59
-8.08
-8.51
-8.63
-8.32
-8.04
-8.24
-8.59
-9.1
-8.39
-8.67
-9.26
-9.96
-9.49
-8.2
-8.39
-9.1
-9.89
-10.0
-9.53
-9.1
-9.53
-9.57
-10.51
-10.59
-11.61
-11.77
-12.36
-12.75
-11.61
-11.53
-11.45
-9.77
-8.79
-8.71
-8.51
-8.79
-9.1
-9.18
-9.02
-9.65
-9.45
-9.38
-8.63
-8.9
-8.67
-8.04
-7.57
-8.04
-7.18
-8.0
-7.41
-7.65
-8.24
-8.94
-9.02
-9.77
-9.26
-9.38
-9.57
-9.45
-9.26
-8.98
-8.83
-8.63
-8.63
-8.67
-8.55
-8.47
-8.28
-8.32
-8.43
-8.75
-9.18
-9.1
-9.3
-9.77
-10.12
-9.53
-8.98
-9.18
-9.06
-9.18
-9.18
-10.71
-11.3
-11.14
-11.41
-12.4
-9.96
-8.24
-7.06
-7.73
-9.18
-11.02
-9.69
-8.67
-10.04
-10.0
-8.79
-8.59
-8.51
-8.98
-9.06
-9.22
-9.18
-9.45
-8.94
-9.06
-8.79
-8.87
-9.06
-9.22
-9.1
-9.14
-9.26
-9.02
-9.02
-8.87
-8.98
-9.14
-9.22
-9.3
-9.26
-9.45
-9.89
-9.3
-9.34
-9.34
-9.26
-9.26
-8.94
-9.02
-9.26
-8.98
-8.67
-9.14
-9.14
-9.57
-9.49
-9.26
-9.26
-9.3
-9.22
-9.3
-9.38
-9.49
-9.96
-9.92
-10.63
-10.94
-11.45
-12.16
-12.24
-12.36
-12.08
-12.0
-11.81
-11.45
-10.08
-9.22
-7.88
-7.65
-7.14
-6.47
-6.24
-5.96
-6.59
-6.71
-6.12
-5.81
-5.69
-5.65
-6.47
-6.86
-7.18
-8.24
-8.47
-8.32
-8.32
-8.32
-8.79
-8.9
-9.22
-9.45
-9.61
-9.49
-9.45
-9.73
-9.89
-10.04
-9.89
-9.65
-9.61
-9.65
-9.85
-10.32
-10.28
-9.26
-8.79
-10.24
-10.47
-8.9
-9.06
-9.61
-9.53
-9.96
-10.83
-13.53
-12.12
-12.0
-9.73
-7.53
-6.94
-6.43
-8.55
-7.85
-7.06
-7.41
-8.79
-9.22
-9.14
-8.71
-8.51
-7.77
-8.08
-8.75
-8.47
-8.51
-8.51
-8.24
-8.63
-9.41
-10.43
-10.79
-11.81
-12.51
-14.95
-14.95
-14.98
-14.47
-13.42
-11.69
-10.43
-9.22
-7.77
-7.26
-6.94
-8.08
-9.22
-10.55
-10.36
-8.43
-10.24
-13.73
-20.01
-20.01
-10.0
-6.24
-7.85
-5.88
-3.3
-0.59
0.0
1.45
1.57
1.45
0.98
0.55
0.71
0.59
2.12
4.0
3.49
-5.26
-13.45
-13.77
-8.24
-8.47
-1.57
0.59
2.24
-20.01
-20.01
20.01
20.01
-9.73
-17.3
-8.28
-6.79
-3.57
-17.3
-20.01
-20.01
-20.01
-20.01
-14.95
-12.59
-9.14
-3.53
-6.16
-11.53
-5.18
-1.1
-8.63
-12.16
-13.96
-13.85
-13.18
-10.16
-8.67
-15.81
-20.01
-13.93
-3.61
-3.61
0.08
2.79
4.9
5.88
5.33
3.69
3.26
3.26
2.71
2.28
4.08
4.31
0.63
-3.73
-8.0
-20.01
-18.55
-14.67
-1.18
1.02
-2.0
-1.06
-19.81
-20.01
-20.01
20.01
-15.61
-1.06
-20.01
-17.3
-0.31
-5.69
-17.38
-20.01
-20.01
-20.01
-19.61
-17.5
-9.85
-4.24
-4.75
-10.24
-10.47
-6.43
-5.81
-13.38
-16.12
-18.32
-16.0
-12.16
-20.01
-20.01
-3.26
-2.12
-2.08
-0.16
3.92
7.81
7.02
5.26
4.63
3.88
2.75
3.1
3.84
5.92
5.84
1.65
-1.14
-20.01
-20.01
-18.24
-6.67
-2.67
-0.08
3.22
-20.01
-20.01
3.69
19.34
-3.8
4.28
-19.61
-11.92
-2.71
-13.65
-20.01
-20.01
-20.01
-16.16
-13.77
-6.67
-2.67
1.84
-10.59
-19.1
-8.98
-6.35
-8.63
-19.22
-20.01
-20.01
-14.55
-14.63
-20.01
-19.93
0.04
-1.29
2.24
6.67
9.14
8.16
7.53
5.61
3.14
-1.41
-3.02
-1.33
0.67
-0.24
-3.1
-6.2
-13.85
-17.57
-14.04
-6.43
5.61
-3.77
-20.01
-6.67
20.01
8.59
3.1
-18.2
-10.55
-5.69
-5.06
-11.18
-13.1
-20.01
-20.01
-20.01
-19.81
-13.57
-10.55
-10.08
-4.51
-2.63
-5.02
-7.77
-5.69
-2.04
0.82
1.65
1.77
-7.49
-20.01
-17.34
-6.2
4.04
1.61
-0.43
0.67
3.49
-20.01
-20.01
-20.01
20.01
6.12
-8.9
-20.01
-15.81
-2.63
-11.61
-20.01
-20.01
-20.01
-17.65
-15.38
-10.47
-6.79
-3.96
-6.51
-8.98
-5.14
-4.79
-7.37
-13.49
-16.48
-20.01
-17.85
-16.71
-20.01
-20.01
-1.73
2.59
1.96
4.24
7.34
7.65
5.26
3.53
2.31
1.06
1.18
0.39
-0.71
0.63
1.92
2.94
2.08
1.84
-7.57
-20.01
-20.01
4.98
2.67
1.29
1.29
1.26
-0.67
-6.79
-11.89
-16.2
-18.32
-13.61
-1.96
2.67
1.96
-4.24
-3.1
-20.01
-20.01
-18.87
20.01
0.98
-13.89
-19.42
-13.93
-12.79
-20.01
-20.01
-20.01
-20.01
-17.73
-15.18
-4.47
-0.9
-1.61
-14.87
-11.92
-3.92
-5.84
-9.89
-14.08
-13.53
-10.67
-9.41
-11.18
-15.18
-18.95
-11.53
-3.73
-0.75
1.53
5.22
8.32
8.9
8.0
7.26
6.59
6.35
5.14
1.73
-0.67
-3.84
-7.96
-10.0
-17.1
-15.26
-13.18
-7.69
-4.43
-0.31
-1.92
-3.69
-5.49
-20.01
-18.59
20.01
20.01
-8.24
-16.16
-17.06
-5.22
-13.38
-20.01
-20.01
-20.01
-20.01
-18.99
-15.65
-10.51
-0.39
-1.96
-11.85
-9.02
-6.28
-9.34
-11.38
-12.79
-12.59
-12.51
-10.63
-10.2
-17.81
-20.01
-18.55
-4.51
-4.24
0.94
3.33
5.57
6.39
5.53
5.02
3.88
1.77
0.94
-0.78
-2.16
-2.39
-3.37
-5.3
-12.4
-20.01
-16.44
-11.41
-4.75
0.16
0.59
-4.82
-20.01
-20.01
-20.01
19.89
15.85
-13.96
-20.01
-17.18
-7.37
-18.16
-20.01
-20.01
-20.01
-20.01
-17.22
-10.24
-3.53
0.0
-12.36
-12.2
-5.61
-7.65
-12.67
-14.95
-15.42
-13.1
-11.96
-12.36
-15.42
-20.01
-12.2
-2.31
-2.43
0.04
1.77
6.94
6.35
3.18
2.47
2.35
1.57
0.04
0.78
3.49
2.59
-3.65
-7.57
-16.32
-20.01
-20.01
-12.12
-1.57
3.84
-1.8
-3.92
-9.96
-20.01
12.79
19.81
20.01
-6.28
-20.01
-20.01
-2.35
-19.89
-20.01
-20.01
-20.01
-19.22
-12.87
-8.67
-4.75
-4.43
-10.12
-9.02
-7.1
-8.83
-11.73
-12.36
-13.61
-13.53
-12.87
-9.77
-11.41
-20.01
-20.01
-18.16
-3.88
-3.61
1.33
5.06
7.77
6.83
5.1
2.51
0.59
-0.75
-1.02
0.35
2.94
3.96
1.73
0.27
-2.79
-20.01
-20.01
-12.79
-5.45
0.71
-0.2
-3.45
-6.63
-16.51
-20.01
-20.01
20.01
18.95
3.69
-10.32
-17.42
-0.82
-8.32
-15.93
-20.01
-20.01
-20.01
-17.5
-17.26
-8.63
-3.22
-0.78
-8.63
-10.71
-6.0
-7.61
-10.79
-15.18
-17.57
-14.24
-11.89
-11.06
-18.24
-20.01
-20.01
-2.67
-3.73
-1.26
2.47
5.69
8.83
8.08
5.22
3.8
2.63
0.27
0.55
1.02
1.96
0.98
0.9
-0.71
-6.43
-14.36
-20.01
-17.34
-3.88
1.45
1.06
-5.06
-18.87
-20.01
-20.01
18.95
12.2
4.0
-20.04
-17.57
-5.88
-6.86
-13.22
-20.01
-20.01
-20.01
-19.65
-17.61
-10.43
-6.59
-2.79
-4.2
-9.41
-9.45
-5.73
-5.92
-9.77
-14.28
-19.73
-19.42
-17.85
-18.36
-19.02
-15.22
-7.65
-0.59
0.98
2.43
5.61
6.2
4.98
3.77
2.75
2.59
2.9
2.24
2.67
3.77
-0.04
-1.57
-13.69
-20.01
-20.01
-13.42
-5.26
4.31
0.16
-2.43
-2.79
5.41
-20.01
-18.67
20.01
-5.88
-5.37
-19.57
-8.36
-1.73
-19.5
-20.01
-20.01
-18.91
-18.16
-15.77
-12.16
-4.67
-1.88
-3.69
-8.2
-10.9
-4.9
-3.37
-10.67
-14.67
-16.59
-16.87
-15.81
-19.57
-20.01
-20.01
-4.04
-2.55
-1.06
0.16
3.8
4.16
3.61
1.88
1.53
-0.39
-1.06
-1.84
-1.8
-1.73
-0.63
-0.78
-4.16
-16.75
-20.01
-17.02
-8.47
-0.51
0.63
-10.98
-20.01
-17.5
13.89
9.02
1.73
-18.55
-16.2
-7.92
-6.63
-13.96
-20.01
-20.01
-20.01
-18.51
-16.63
-11.57
-8.47
-2.24
-2.47
-5.22
-8.36
-6.04
-2.86
-3.77
-6.67
-11.61
-13.65
-14.0
-15.49
-19.02
-20.01
-20.01
-12.08
-10.51
-7.57
-3.02
-0.31
3.49
3.26
2.39
0.08
-1.45
-3.33
-2.75
-2.08
-0.75
-0.55
-0.39
-0.04
-5.61
-12.08
-16.67
-10.32
-8.12
-0.51
0.67
-0.43
1.84
-8.24
-20.01
-20.01
-20.01
20.01
11.81
-7.57
-16.08
-15.77
-7.49
-10.2
-13.14
-14.79
-12.71
-8.79
-6.75
-5.49
-6.2
-6.94
-6.2
-6.24
-6.2
-6.43
-5.37
-4.79
-7.06
-11.34
-11.14
-11.61
-13.02
-14.44
-13.89
-13.22
-14.59
-19.02
-20.01
-20.01
-20.01
-19.73
-17.46
-15.46
-9.77
-8.2
-2.94
-1.73
-1.26
0.82
2.51
2.9
2.39
2.63
1.02
0.35
-0.63
-0.67
-0.71
-1.45
-2.47
-4.39
-4.51
-4.55
-5.26
-6.55
-8.9
-9.49
-11.49
-12.91
-13.96
-13.22
-12.24
-10.75
-10.12
-9.41
-8.51
-8.63
-8.39
-8.39
-8.0
-5.96
-5.26
-4.39
-4.79
-8.47
-7.02
-14.59
-20.01
-20.01
-10.9
-0.78
-4.28
-20.01
-20.01
-15.14
3.45
-0.31
-8.67
-13.18
-8.32
-8.24
-8.55
-8.71
-9.49
-10.51
-9.92
-9.65
-9.89
-9.53
-9.18
-9.57
-9.69
-9.45
-9.41
-10.2
-9.53
-8.51
-9.06
-9.61
-9.73
-10.24
-10.24
-8.47
-8.47
-10.43
-10.51
-10.08
-8.51
-8.04
-8.0
-8.9
-9.18
-9.89
-9.18
-7.77
-8.08
-7.92
-7.96
-8.08
-8.43
-8.75
-8.08
-7.37
-7.88
-7.85
-7.96
-7.77
-7.61
-7.73
-7.41
-7.88
-7.49
-7.37
-7.14
-7.3
-7.34
-6.71
-7.18
-6.9
-6.75
-7.02
-7.37
-6.71
-6.94
-6.63
-6.79
-6.86
-6.79
-7.18
-7.22
-7.49
-7.06
-7.06
-7.02
-7.41
-8.16
-8.36
-8.51
-8.36
-8.36
-8.43
-8.36
-8.55
-8.67
-8.83
-8.59
-8.47
-8.59
-8.47
-8.36
-8.32
-7.85
-7.61
-6.98
-6.59
-6.75
-6.47
-6.32
-6.28
-5.69
-5.37
-4.79
-4.59
-19.22
-20.01
-3.33
-4.43
-7.61
-10.08
-7.22
-8.0
-8.24
-8.39
-8.98
-9.06
-8.43
-8.12
-8.04
-8.43
-8.51
-8.75
-8.59
-8.47
-8.55
-8.51
-8.32
-8.28
-8.28
-8.55
-8.51
-8.47
-8.47
-8.28
-8.51
-8.43
-8.47
-8.47
-8.47
-8.55
-8.59
-8.43
-8.51
-8.43
-8.51
-8.47
-8.39
-8.47
-8.43
-8.51
-8.39
-8.39
-8.36
-8.55
-8.51
-8.47
-8.47
-8.43
-8.47
-8.51
-8.47
-8.47
-8.47
-8.36
-8.47
-8.43
-8.47
-8.36
-8.47
-8.43
-8.43
-8.39
-8.51
-8.47
-8.47
-8.43
-8.39
-8.47
-8.43
-8.39
-8.47
-8.39
-8.47
-8.39
-8.43
-8.43
-8.51
-8.43
-8.43
-8.43
-8.43
