1021225.0
1021238.0
1021252.0
1021266.0
1021280.0
1021294.0
1021308.0
1021322.0
1021336.0
1021350.0
1021364.0
1021378.0
1021392.0
1021406.0
1021420.0
1021434.0
1021448.0
1021462.0
1021476.0
1021490.0
1021504.0
1021517.0
1021530.0
1021546.0
1021560.0
1021574.0
1021588.0
1021601.0
1021615.0
1021630.0
1021644.0
1021658.0
1021672.0
1021686.0
1021700.0
1021714.0
1021728.0
1021742.0
1021756.0
1021770.0
1021784.0
1021798.0
1021812.0
1021826.0
1021840.0
1021854.0
1021868.0
1021882.0
1021896.0
1021910.0
1021924.0
1021938.0
1021952.0
1021966.0
1021980.0
1021994.0
1022008.0
1022022.0
1022036.0
1022050.0
1022064.0
1022078.0
1022092.0
1022106.0
1022120.0
1022134.0
1022148.0
1022162.0
1022176.0
1022190.0
1022204.0
1022218.0
1022232.0
1022246.0
1022260.0
1022274.0
1022288.0
1022302.0
1022316.0
1022330.0
1022344.0
1022358.0
1022372.0
1022386.0
1022400.0
1022414.0
1022428.0
1022442.0
1022456.0
1022470.0
1022484.0
1022498.0
1022512.0
1022526.0
1022540.0
1022554.0
1022568.0
1022582.0
1022596.0
1022610.0
1022624.0
1022638.0
1022652.0
1022666.0
1022680.0
1022694.0
1022708.0
1022722.0
1022736.0
1022750.0
1022764.0
1022778.0
1022791.0
1022804.0
1022820.0
1022834.0
1022848.0
1022862.0
1022876.0
1022890.0
1022904.0
1022918.0
1022932.0
1022946.0
1022960.0
1022974.0
1022988.0
1023002.0
1023016.0
1023030.0
1023044.0
1023058.0
1023072.0
1023086.0
1023100.0
1023114.0
1023128.0
1023142.0
1023156.0
1023170.0
1023184.0
1023198.0
1023212.0
1023226.0
1023240.0
1023254.0
1023268.0
1023282.0
1023296.0
1023310.0
1023324.0
1023338.0
1023352.0
1023366.0
1023380.0
1023394.0
1023408.0
1023422.0
1023436.0
1023450.0
1023464.0
1023478.0
1023492.0
1023506.0
1023520.0
1023534.0
1023548.0
1023562.0
1023576.0
1023590.0
1023604.0
1023618.0
1023632.0
1023646.0
1023660.0
1023674.0
1023688.0
1023702.0
1023716.0
1023730.0
1023744.0
1023758.0
1023772.0
1023786.0
1023800.0
1023814.0
1023828.0
1023842.0
1023856.0
1023870.0
1023884.0
1023898.0
1023912.0
1023926.0
1023940.0
1023954.0
1023968.0
1023982.0
1023996.0
1024010.0
1024024.0
1024038.0
1024052.0
1024066.0
1024079.0
1024093.0
1024108.0
1024122.0
1024136.0
1024150.0
1024164.0
1024178.0
1024192.0
1024206.0
1024220.0
1024234.0
1024248.0
1024262.0
1024276.0
1024290.0
1024304.0
1024318.0
1024332.0
1024346.0
1024360.0
1024374.0
1024388.0
1024402.0
1024416.0
1024430.0
1024444.0
1024458.0
1024472.0
1024486.0
1024500.0
1024514.0
1024528.0
1024542.0
1024556.0
1024570.0
1024584.0
1024598.0
1024612.0
1024626.0
1024640.0
1024653.0
1024668.0
1024682.0
1024696.0
1024710.0
1024723.0
1024738.0
1024752.0
1024766.0
1024780.0
1024794.0
1024807.0
1024820.0
1024833.0
1024850.0
1024864.0
1024878.0
1024891.0
1024904.0
1024917.0
1024934.0
1024948.0
1024962.0
1024976.0
1024990.0
1025004.0
1025018.0
1025032.0
1025046.0
1025060.0
1025074.0
1025088.0
1025102.0
1025116.0
1025129.0
1025143.0
1025158.0
1025172.0
1025186.0
1025199.0
1025214.0
1025227.0
1025242.0
1025256.0
1025270.0
1025284.0
1025298.0
1025312.0
1025326.0
1025340.0
1025353.0
1025366.0
1025382.0
1025396.0
1025410.0
1025424.0
1025438.0
1025452.0
1025466.0
1025480.0
1025494.0
1025508.0
1025522.0
1025536.0
1025550.0
1025564.0
1025578.0
1025592.0
1025606.0
1025620.0
1025634.0
1025648.0
1025662.0
1025676.0
1025690.0
1025704.0
1025718.0
1025732.0
1025746.0
1025760.0
1025774.0
1025788.0
1025802.0
1025816.0
1025829.0
1025842.0
1025855.0
1025868.0
1025881.0
1025894.0
1025907.0
1025928.0
1025942.0
1025956.0
1025970.0
1025984.0
1025998.0
1026011.0
1026026.0
1026040.0
1026054.0
1026068.0
1026082.0
1026096.0
1026110.0
1026124.0
1026138.0
1026152.0
1026166.0
1026180.0
1026194.0
1026208.0
1026221.0
1026236.0
1026250.0
1026264.0
1026278.0
1026292.0
1026306.0
1026320.0
1026334.0
1026348.0
1026362.0
1026376.0
1026390.0
1026404.0
1026418.0
1026432.0
1026446.0
1026459.0
1026473.0
1026488.0
1026502.0
1026516.0
1026530.0
1026544.0
1026558.0
1026572.0
1026586.0
1026600.0
1026614.0
1026627.0
1026640.0
1026653.0
1026670.0
1026684.0
1026698.0
1026712.0
1026726.0
1026740.0
1026754.0
1026768.0
1026782.0
1026796.0
1026810.0
1026824.0
1026838.0
1026852.0
1026866.0
1026880.0
1026894.0
1026908.0
1026922.0
1026936.0
1026949.0
1026962.0
1026975.0
1026988.0
1027001.0
1027014.0
1027027.0
1027040.0
1027053.0
1027071.0
1027090.0
1027104.0
1027118.0
1027132.0
1027146.0
1027159.0
1027174.0
1027188.0
1027202.0
1027216.0
1027230.0
1027244.0
1027258.0
1027272.0
1027286.0
1027300.0
1027314.0
1027328.0
1027342.0
1027356.0
1027370.0
1027384.0
1027398.0
1027412.0
1027426.0
1027440.0
1027454.0
1027468.0
1027482.0
1027496.0
1027510.0
1027524.0
1027538.0
1027552.0
1027566.0
1027580.0
1027594.0
1027608.0
1027622.0
1027636.0
1027650.0
1027664.0
1027678.0
1027692.0
1027706.0
1027720.0
1027734.0
1027748.0
1027762.0
1027776.0
1027790.0
1027804.0
1027818.0
1027832.0
1027846.0
1027860.0
1027874.0
1027888.0
1027902.0
1027915.0
1027929.0
1027944.0
1027957.0
1027972.0
1027986.0
1028000.0
1028014.0
1028028.0
1028042.0
1028056.0
1028070.0
1028084.0
1028098.0
1028112.0
1028126.0
1028140.0
1028154.0
1028168.0
1028182.0
1028196.0
1028210.0
1028224.0
1028238.0
1028252.0
1028266.0
1028280.0
1028294.0
1028308.0
1028322.0
1028336.0
1028350.0
1028364.0
1028378.0
1028392.0
1028406.0
1028420.0
1028434.0
1028448.0
1028462.0
1028476.0
1028490.0
1028504.0
1028518.0
1028532.0
1028546.0
1028560.0
1028574.0
1028588.0
1028602.0
1028616.0
1028630.0
1028644.0
1028658.0
1028672.0
1028686.0
1028700.0
1028714.0
1028728.0
1028742.0
1028756.0
1028770.0
1028784.0
1028798.0
1028812.0
1028826.0
1028840.0
1028854.0
1028868.0
1028881.0
1028896.0
1028910.0
1028924.0
1028938.0
1028952.0
1028966.0
1028980.0
1028994.0
1029008.0
1029022.0
1029036.0
1029050.0
1029064.0
1029078.0
1029092.0
1029106.0
1029120.0
1029134.0
1029148.0
1029162.0
1029176.0
1029189.0
1029202.0
1029218.0
1029232.0
1029246.0
1029260.0
1029274.0
1029288.0
1029302.0
1029316.0
1029330.0
1029344.0
1029358.0
1029372.0
1029386.0
1029400.0
1029414.0
1029428.0
1029442.0
1029456.0
1029470.0
1029484.0
1029498.0
1029512.0
1029526.0
1029540.0
1029554.0
1029568.0
1029582.0
1029596.0
1029610.0
1029624.0
1029638.0
1029652.0
1029666.0
1029680.0
1029694.0
1029708.0
1029722.0
1029736.0
1029750.0
1029764.0
1029778.0
1029792.0
1029806.0
1029820.0
1029834.0
1029848.0
1029862.0
1029876.0
1029890.0
1029904.0
1029918.0
1029932.0
1029946.0
1029960.0
1029974.0
1029988.0
1030002.0
1030015.0
1030028.0
1030044.0
1030058.0
1030072.0
1030086.0
1030100.0
1030113.0
1030126.0
1030139.0
1030152.0
1030170.0
1030183.0
1030196.0
1030210.0
1030226.0
1030239.0
1030254.0
1030267.0
1030282.0
1030296.0
1030310.0
1030324.0
1030338.0
1030351.0
1030366.0
1030380.0
1030394.0
1030408.0
1030422.0
1030436.0
1030450.0
1030464.0
1030477.0
1030490.0
1030506.0
1030520.0
1030533.0
1030546.0
1030559.0
1030576.0
1030590.0
1030604.0
1030618.0
1030632.0
1030646.0
1030660.0
1030674.0
1030688.0
1030702.0
1030716.0
1030730.0
1030744.0
1030758.0
1030772.0
1030786.0
1030800.0
1030814.0
1030828.0
1030842.0
1030856.0
1030870.0
1030884.0
1030898.0
1030912.0
1030926.0
1030940.0
1030954.0
1030968.0
1030982.0
1030996.0
1031010.0
1031024.0
1031038.0
1031052.0
1031066.0
1031079.0
1031094.0
1031108.0
1031122.0
1031135.0
1031150.0
1031163.0
1031178.0
1031192.0
