12543.0
12556.0
12570.0
12584.0
12598.0
12612.0
12626.0
12640.0
12654.0
12668.0
12682.0
12696.0
12710.0
12724.0
12738.0
12752.0
12766.0
12780.0
12794.0
12808.0
12821.0
12836.0
12850.0
12864.0
12878.0
12892.0
12906.0
12920.0
12934.0
12948.0
12962.0
12976.0
12990.0
13004.0
13018.0
13032.0
13046.0
13060.0
13074.0
13088.0
13102.0
13116.0
13130.0
13144.0
13158.0
13172.0
13186.0
13199.0
13212.0
13228.0
13241.0
13255.0
13270.0
13284.0
13298.0
13312.0
13326.0
13340.0
13354.0
13368.0
13382.0
13396.0
13410.0
13424.0
13438.0
13452.0
13466.0
13480.0
13494.0
13508.0
13522.0
13536.0
13550.0
13564.0
13578.0
13592.0
13606.0
13620.0
13634.0
13648.0
13662.0
13676.0
13690.0
13704.0
13718.0
13732.0
13746.0
13760.0
13774.0
13788.0
13802.0
13816.0
13830.0
13844.0
13858.0
13872.0
13886.0
13900.0
13914.0
13928.0
13942.0
13956.0
13969.0
13982.0
13998.0
14012.0
14026.0
14040.0
14054.0
14068.0
14082.0
14095.0
14108.0
14124.0
14138.0
14152.0
14165.0
14180.0
14194.0
14208.0
14222.0
14236.0
14250.0
14264.0
14278.0
14292.0
14306.0
14320.0
14334.0
14348.0
14362.0
14376.0
14390.0
14404.0
14418.0
14432.0
14446.0
14460.0
14474.0
14488.0
14501.0
14516.0
14530.0
14544.0
14558.0
14572.0
14586.0
14600.0
14614.0
14628.0
14642.0
14656.0
14670.0
14684.0
14698.0
14712.0
14726.0
14740.0
14754.0
14768.0
14782.0
14796.0
14810.0
14824.0
14838.0
14852.0
14866.0
14880.0
14894.0
14908.0
14922.0
14936.0
14950.0
14963.0
14978.0
14992.0
15006.0
15020.0
15034.0
15048.0
15062.0
15076.0
15090.0
15104.0
15118.0
15132.0
15146.0
15160.0
15174.0
15188.0
15202.0
15216.0
15230.0
15244.0
15258.0
15272.0
15286.0
15300.0
15314.0
15328.0
15342.0
15356.0
15369.0
15382.0
15398.0
15412.0
15426.0
15440.0
15454.0
15468.0
15482.0
15496.0
15510.0
15524.0
15538.0
15552.0
15566.0
15580.0
15594.0
15608.0
15621.0
15636.0
15650.0
15664.0
15678.0
15692.0
15705.0
15718.0
15734.0
15748.0
15762.0
15776.0
15790.0
15804.0
15818.0
15832.0
15846.0
15859.0
15872.0
15888.0
15902.0
15916.0
15930.0
15944.0
15958.0
15972.0
15986.0
16000.0
16014.0
16028.0
16042.0
16056.0
16070.0
16084.0
16098.0
16112.0
16125.0
16140.0
16154.0
16168.0
16182.0
16196.0
16210.0
16223.0
16236.0
16249.0
16266.0
16279.0
16292.0
16308.0
16322.0
16336.0
16349.0
16362.0
16376.0
16392.0
16406.0
16420.0
16434.0
16448.0
16462.0
16476.0
16490.0
16504.0
16518.0
16532.0
16546.0
16560.0
16574.0
16588.0
16602.0
16616.0
16630.0
16644.0
16657.0
16670.0
16686.0
16700.0
16714.0
16728.0
16742.0
16756.0
16770.0
16784.0
16798.0
16812.0
16826.0
16840.0
16854.0
16868.0
16882.0
16896.0
16909.0
16924.0
16938.0
16952.0
16966.0
16980.0
16993.0
17008.0
17021.0
17034.0
17047.0
17060.0
17073.0
17086.0
17099.0
17112.0
17125.0
17138.0
17151.0
17164.0
17190.0
17204.0
17218.0
17232.0
17246.0
17260.0
17274.0
17288.0
17302.0
17316.0
17330.0
17344.0
17358.0
17372.0
17386.0
17400.0
17414.0
17428.0
17442.0
17456.0
17470.0
17484.0
17498.0
17512.0
17526.0
17540.0
17554.0
17568.0
17582.0
17596.0
17610.0
17624.0
17638.0
17652.0
17666.0
17680.0
17694.0
17708.0
17722.0
17736.0
17750.0
17764.0
17778.0
17792.0
17806.0
17820.0
17834.0
17848.0
17862.0
17876.0
17890.0
17904.0
17918.0
17931.0
17944.0
17960.0
17974.0
17988.0
18002.0
18016.0
18030.0
18044.0
18058.0
18072.0
18086.0
18100.0
18114.0
18128.0
18142.0
18156.0
18170.0
18184.0
18197.0
18210.0
18223.0
18236.0
18249.0
18262.0
18275.0
18296.0
18310.0
18324.0
18338.0
18352.0
18366.0
18380.0
18394.0
18408.0
18422.0
18435.0
18448.0
18464.0
18478.0
18492.0
18506.0
18520.0
18534.0
18548.0
18562.0
18576.0
18590.0
18604.0
18618.0
18632.0
18646.0
18660.0
18674.0
18688.0
18702.0
18716.0
18730.0
18744.0
18758.0
18772.0
18786.0
18800.0
18814.0
18828.0
18842.0
18856.0
18870.0
18884.0
18898.0
18911.0
18926.0
18940.0
18954.0
18968.0
18982.0
18996.0
19010.0
19024.0
19038.0
19052.0
19066.0
19080.0
19094.0
19108.0
19122.0
19136.0
19150.0
19164.0
19178.0
19192.0
19206.0
19219.0
19233.0
19248.0
19262.0
19276.0
19290.0
19304.0
19318.0
19332.0
19346.0
19360.0
19374.0
19388.0
19402.0
19416.0
19430.0
19444.0
19458.0
19472.0
19486.0
19500.0
19514.0
19528.0
19542.0
19556.0
19570.0
19584.0
19598.0
19612.0
19626.0
19640.0
19654.0
19668.0
19682.0
19696.0
19710.0
19724.0
19738.0
19752.0
19766.0
19780.0
19794.0
19808.0
19822.0
19836.0
19850.0
19864.0
19878.0
19892.0
19906.0
19919.0
19932.0
19945.0
19958.0
19974.0
19990.0
20004.0
20018.0
20032.0
20046.0
20060.0
20074.0
20088.0
20102.0
20116.0
20130.0
20144.0
20158.0
20172.0
20186.0
20199.0
20212.0
20228.0
20241.0
20254.0
20268.0
20284.0
20298.0
20312.0
20326.0
20339.0
20354.0
20368.0
20382.0
20396.0
20410.0
20424.0
20438.0
20452.0
20466.0
20480.0
20493.0
20506.0
20522.0
20536.0
20550.0
20564.0
20578.0
20592.0
20606.0
20620.0
20634.0
20648.0
20662.0
20676.0
20690.0
20704.0
20718.0
20732.0
20746.0
20760.0
20774.0
20788.0
20802.0
20816.0
20830.0
20844.0
20858.0
20872.0
20886.0
20900.0
20914.0
20928.0
20942.0
20956.0
20970.0
20984.0
20998.0
21012.0
21026.0
21040.0
21054.0
21068.0
21082.0
21096.0
21110.0
21124.0
21138.0
21152.0
21166.0
21180.0
21194.0
21208.0
21222.0
21236.0
21250.0
21264.0
21278.0
21292.0
21306.0
21320.0
21334.0
21348.0
21361.0
21376.0
21390.0
21404.0
21418.0
21431.0
21446.0
21459.0
21472.0
21485.0
21498.0
21511.0
21524.0
21537.0
21550.0
21563.0
21586.0
21600.0
21614.0
21628.0
21642.0
21656.0
21670.0
21684.0
21698.0
21712.0
21726.0
21740.0
21754.0
21767.0
21780.0
21795.0
21810.0
21824.0
21838.0
21852.0
21866.0
21880.0
21894.0
21908.0
21922.0
21936.0
21950.0
21964.0
21978.0
21992.0
22006.0
22020.0
22034.0
22048.0
22062.0
22076.0
22090.0
22104.0
22118.0
22132.0
22145.0
22160.0
22174.0
22188.0
22202.0
22216.0
22230.0
22244.0
22258.0
22272.0
22286.0
22300.0
22314.0
22328.0
22342.0
22356.0
22369.0
22383.0
22398.0
22412.0
22426.0
22440.0
22454.0
22468.0
22482.0
22496.0
22510.0
22523.0
22538.0
22552.0
22566.0
22580.0
22594.0
22608.0
22622.0
22636.0
22650.0
22664.0
22678.0
22692.0
22706.0
22720.0
22734.0
22748.0
22761.0
22776.0
22790.0
22804.0
22818.0
22832.0
22846.0
22860.0
22874.0
22888.0
22902.0
22916.0
22930.0
22944.0
22958.0
22972.0
22986.0
23000.0
23014.0
23028.0
23042.0
23055.0
23069.0
23084.0
23098.0
23112.0
23126.0
23140.0
23154.0
23168.0
23182.0
23196.0
23210.0
23224.0
23238.0
23252.0
23266.0
23280.0
23294.0
23307.0
23322.0
23335.0
23348.0
23361.0
23374.0
23387.0
23401.0
23420.0
23434.0
23448.0
23462.0
23476.0
23490.0
23504.0
23518.0
23532.0
23546.0
23560.0
23574.0
23588.0
23602.0
23616.0
23630.0
23644.0
23658.0
23672.0
23686.0
23700.0
23714.0
23728.0
23741.0
23754.0
23767.0
23780.0
23794.0
23807.0
23822.0
23835.0
23854.0
23868.0
23882.0
23896.0
23910.0
23924.0
23938.0
23952.0
23966.0
23980.0
23994.0
24008.0
24022.0
24036.0
24050.0
24064.0
24078.0
24092.0
24106.0
24120.0
24134.0
24148.0
24162.0
24176.0
24190.0
24204.0
24218.0
24232.0
24246.0
24260.0
24274.0
24288.0
24302.0
24316.0
24329.0
24342.0
24358.0
24372.0
24386.0
24400.0
24414.0
24428.0
24442.0
24456.0
24470.0
24484.0
24498.0
24512.0
24526.0
24540.0
24554.0
24568.0
24582.0
24596.0
24610.0
24624.0
24638.0
24652.0
24666.0
24680.0
24694.0
24708.0
24722.0
24736.0
24750.0
24764.0
24778.0
24792.0
24806.0
24820.0
24834.0
24848.0
24862.0
24876.0
24890.0
24904.0
24918.0
24932.0
24946.0
24960.0
24974.0
24988.0
25002.0
25016.0
25030.0
25044.0
25058.0
25072.0
25086.0
25100.0
25114.0
25128.0
25142.0
25156.0
25170.0
25184.0
25198.0
25212.0
25226.0
25240.0
25254.0
25268.0
25282.0
25296.0
25310.0
25324.0
25338.0
25351.0
25366.0
25380.0
25394.0
25408.0
25422.0
25436.0
25450.0
25464.0
25478.0
25492.0
25506.0
25520.0
25534.0
25548.0
25562.0
25576.0
25590.0
25603.0
25616.0
25631.0
25646.0
25659.0
25674.0
25688.0
25702.0
25716.0
25730.0
25744.0
25758.0
25772.0
25786.0
25800.0
25814.0
25828.0
25842.0
25856.0
25870.0
25884.0
25898.0
25912.0
25926.0
25940.0
25954.0
25968.0
25982.0
25996.0
26010.0
26024.0
26038.0
26052.0
26066.0
26080.0
26094.0
26108.0
26122.0
26136.0
26150.0
26164.0
26178.0
26192.0
26206.0
26220.0
26234.0
26248.0
26262.0
26276.0
26290.0
26304.0
26318.0
26332.0
26346.0
26360.0
26374.0
26388.0
26402.0
26416.0
26430.0
26443.0
26456.0
26469.0
26482.0
26499.0
26512.0
26528.0
26542.0
26556.0
26570.0
26584.0
26598.0
26612.0
26626.0
26640.0
26654.0
26668.0
26682.0
26696.0
26710.0
26724.0
26738.0
26752.0
26766.0
26780.0
26794.0
26808.0
26822.0
26835.0
26850.0
26864.0
26878.0
26891.0
26904.0
26920.0
26934.0
26948.0
26962.0
26976.0
26990.0
27004.0
27018.0
27032.0
27046.0
27060.0
27074.0
27088.0
27102.0
27116.0
27130.0
27144.0
27158.0
27172.0
27186.0
27200.0
27214.0
27228.0
27242.0
27256.0
27270.0
27284.0
27298.0
27312.0
27326.0
27340.0
27354.0
27368.0
27382.0
27396.0
27410.0
27424.0
27438.0
27452.0
27466.0
27480.0
27494.0
27508.0
27522.0
27536.0
27550.0
27564.0
27578.0
27592.0
27606.0
27620.0
27634.0
27648.0
27661.0
27676.0
27690.0
27704.0
27718.0
27731.0
27746.0
27760.0
27774.0
27788.0
27802.0
27815.0
27828.0
27841.0
27854.0
27867.0
27880.0
27893.0
27906.0
27919.0
27932.0
27945.0
27958.0
27971.0
27984.0
27997.0
28010.0
28101.0
28132.0
28146.0
28160.0
28173.0
28186.0
28202.0
28216.0
28230.0
28243.0
28256.0
28269.0
28286.0
28300.0
28314.0
28328.0
28342.0
28356.0
28370.0
28384.0
28398.0
28412.0
28426.0
28440.0
28454.0
28468.0
28482.0
28496.0
28510.0
28524.0
28538.0
28552.0
28566.0
28580.0
28594.0
28608.0
28621.0
28634.0
28648.0
28664.0
28678.0
28692.0
28706.0
28720.0
28734.0
28748.0
28762.0
28776.0
28790.0
28804.0
28818.0
28831.0
28846.0
28860.0
28874.0
28888.0
28902.0
28916.0
28930.0
28944.0
28958.0
28972.0
28986.0
29000.0
29014.0
29028.0
29042.0
29056.0
29070.0
29084.0
29098.0
29112.0
29126.0
29140.0
29154.0
29168.0
29182.0
29196.0
29210.0
29224.0
29238.0
29252.0
29266.0
29280.0
29294.0
29308.0
29322.0
29336.0
29350.0
29363.0
29376.0
29390.0
29406.0
29419.0
29434.0
29447.0
29460.0
29476.0
29490.0
29503.0
29518.0
29532.0
29545.0
29558.0
29571.0
29587.0
29602.0
29616.0
29630.0
29644.0
29658.0
29672.0
29686.0
29700.0
29714.0
29728.0
29742.0
29756.0
29770.0
29784.0
29798.0
29812.0
29826.0
29840.0
29854.0
29867.0
29882.0
29896.0
29910.0
29924.0
29938.0
29952.0
29966.0
29980.0
29994.0
30008.0
30022.0
30036.0
30050.0
30064.0
30078.0
30092.0
30106.0
30120.0
30134.0
30148.0
30161.0
30174.0
30187.0
30200.0
30213.0
30226.0
30239.0
30252.0
30265.0
30278.0
30291.0
30304.0
30317.0
30330.0
30343.0
30356.0
30369.0
30400.0
30414.0
30428.0
30442.0
30456.0
30470.0
30484.0
30498.0
30512.0
30526.0
30540.0
30554.0
30568.0
30582.0
30596.0
30610.0
30624.0
30638.0
30652.0
30666.0
30680.0
30694.0
30708.0
30721.0
30734.0
30750.0
30764.0
30778.0
30792.0
30806.0
30820.0
30834.0
30848.0
30862.0
30876.0
30890.0
30904.0
30918.0
30932.0
30946.0
30960.0
30974.0
30988.0
31001.0
31014.0
31030.0
31044.0
31057.0
31070.0
31084.0
31100.0
31114.0
31128.0
31142.0
31156.0
31170.0
31184.0
31198.0
31212.0
31226.0
31240.0
31254.0
31268.0
31282.0
31296.0
31310.0
31324.0
31338.0
31352.0
31366.0
31380.0
31394.0
31408.0
31422.0
31436.0
31450.0
31464.0
31478.0
31492.0
31506.0
31520.0
31534.0
31548.0
31562.0
31576.0
31590.0
31604.0
31618.0
31632.0
31646.0
31660.0
31674.0
31688.0
31702.0
31716.0
31730.0
31744.0
31758.0
31772.0
31786.0
31800.0
31814.0
31828.0
31842.0
31856.0
31870.0
31884.0
31898.0
31912.0
31926.0
31940.0
31954.0
31968.0
31982.0
31996.0
32009.0
32023.0
32038.0
32052.0
32066.0
32080.0
32094.0
32108.0
32122.0
32136.0
32150.0
32164.0
32178.0
32191.0
32205.0
32218.0
32234.0
32247.0
32261.0
32276.0
32290.0
32304.0
32318.0
32332.0
32346.0
32360.0
32374.0
32388.0
32402.0
32416.0
32430.0
32444.0
32458.0
32472.0
32486.0
32500.0
32514.0
32528.0
32541.0
32554.0
32567.0
32580.0
32593.0
32606.0
32619.0
32632.0
32645.0
32660.0
32673.0
32686.0
32699.0
32712.0
32725.0
32738.0
32751.0
32764.0
32823.0
32854.0
32868.0
32882.0
32896.0
32910.0
32924.0
32938.0
32952.0
32966.0
32980.0
32994.0
33008.0
33022.0
33036.0
33050.0
33064.0
33078.0
33092.0
33105.0
33118.0
33134.0
33148.0
33162.0
33176.0
33190.0
33204.0
33218.0
33231.0
33244.0
33257.0
33274.0
33287.0
33300.0
33316.0
33329.0
33344.0
33358.0
33372.0
33385.0
33400.0
33414.0
33428.0
33441.0
33455.0
33470.0
33483.0
33498.0
33511.0
33526.0
33540.0
33554.0
33567.0
33581.0
33596.0
33610.0
33624.0
33637.0
33652.0
33666.0
33680.0
33693.0
33708.0
33722.0
33735.0
33749.0
33764.0
33778.0
33791.0
33806.0
33820.0
33834.0
33848.0
33862.0
33875.0
33888.0
33902.0
33915.0
33928.0
33946.0
33959.0
33974.0
33988.0
34001.0
34016.0
34030.0
34044.0
34058.0
34071.0
34086.0
34099.0
34114.0
34128.0
34142.0
34156.0
34170.0
34184.0
34197.0
34212.0
34226.0
34240.0
34253.0
34268.0
34281.0
34295.0
34309.0
34324.0
34338.0
34351.0
34366.0
34380.0
34393.0
34406.0
34422.0
34436.0
34450.0
34463.0
34478.0
34492.0
34506.0
34520.0
34534.0
34548.0
34561.0
34574.0
34589.0
34604.0
34617.0
34632.0
34646.0
34660.0
34674.0
34688.0
34702.0
34716.0
34730.0
34744.0
34758.0
34772.0
34786.0
34800.0
34814.0
34828.0
34842.0
34856.0
34869.0
34884.0
34898.0
34912.0
34926.0
34940.0
34954.0
34968.0
34982.0
34996.0
35010.0
35024.0
35038.0
35052.0
35066.0
35080.0
35094.0
35108.0
35122.0
35136.0
35150.0
35164.0
35178.0
35192.0
35206.0
35220.0
35234.0
35248.0
35262.0
35276.0
35290.0
35304.0
35318.0
35332.0
35346.0
35360.0
35374.0
35388.0
35402.0
35416.0
35430.0
35444.0
35458.0
35472.0
35486.0
35500.0
35513.0
35528.0
35542.0
35556.0
35570.0
35584.0
35598.0
35612.0
35626.0
35640.0
35654.0
35668.0
35682.0
35696.0
35710.0
35724.0
35738.0
35752.0
35766.0
35780.0
35794.0
35807.0
35822.0
35836.0
35849.0
35862.0
35878.0
35892.0
35906.0
35920.0
35934.0
35948.0
35962.0
35976.0
35990.0
36004.0
36018.0
36032.0
36046.0
36060.0
36074.0
36087.0
36100.0
36114.0
36130.0
36143.0
36158.0
36171.0
36186.0
36199.0
36213.0
36227.0
36241.0
36254.0
36268.0
36281.0
36294.0
36310.0
36325.0
36340.0
36353.0
36366.0
36379.0
36392.0
36405.0
36418.0
36431.0
36444.0
36457.0
36470.0
36483.0
36496.0
36522.0
36536.0
36550.0
36564.0
36578.0
36592.0
36606.0
36620.0
36634.0
36648.0
36662.0
36676.0
36690.0
36704.0
36718.0
36732.0
36746.0
36760.0
36774.0
36788.0
36802.0
36816.0
36830.0
36844.0
36858.0
36872.0
36886.0
36899.0
36912.0
36925.0
36939.0
36956.0
36969.0
36984.0
36997.0
37011.0
37024.0
37037.0
37054.0
37067.0
37080.0
37093.0
37110.0
37123.0
37136.0
37149.0
37162.0
37175.0
37188.0
37201.0
37214.0
37227.0
37240.0
37253.0
37266.0
37279.0
37292.0
37305.0
37318.0
37348.0
37361.0
37376.0
37390.0
37404.0
37418.0
37432.0
37446.0
37460.0
37474.0
37488.0
37502.0
37516.0
37530.0
37544.0
37558.0
37572.0
37586.0
37600.0
37614.0
37628.0
37642.0
37656.0
37670.0
37684.0
37698.0
37712.0
37726.0
37739.0
37754.0
37768.0
37781.0
37796.0
37810.0
37824.0
37838.0
37852.0
37865.0
37878.0
37892.0
37908.0
37922.0
37936.0
37950.0
37964.0
37978.0
37992.0
38005.0
38020.0
38034.0
38048.0
38062.0
38075.0
38088.0
38104.0
38118.0
38132.0
38146.0
38159.0
38172.0
38186.0
38202.0
38216.0
38230.0
38243.0
38257.0
38270.0
38286.0
38299.0
38313.0
38326.0
38340.0
38353.0
38367.0
38384.0
38397.0
38410.0
38423.0
38437.0
38450.0
38463.0
38481.0
38494.0
38509.0
38523.0
38538.0
38551.0
38565.0
38580.0
38594.0
38607.0
38622.0
38636.0
38649.0
38663.0
38677.0
38692.0
38705.0
38718.0
38733.0
38748.0
38761.0
38774.0
38789.0
38804.0
38818.0
38832.0
38846.0
38860.0
38874.0
38888.0
38902.0
38915.0
38930.0
38944.0
38957.0
38972.0
38986.0
39000.0
39014.0
39028.0
39042.0
39056.0
39070.0
39084.0
39098.0
39112.0
39126.0
39140.0
39154.0
39168.0
39182.0
39196.0
39210.0
39224.0
39238.0
39252.0
39266.0
39279.0
39293.0
39306.0
39322.0
39336.0
39350.0
39364.0
39378.0
39392.0
39406.0
39420.0
39434.0
39448.0
39462.0
39475.0
39488.0
39504.0
39518.0
39532.0
39546.0
39560.0
39574.0
39588.0
39602.0
39616.0
39630.0
39644.0
39658.0
39671.0
39684.0
39697.0
39712.0
39725.0
39742.0
39756.0
39769.0
39783.0
39796.0
39809.0
39826.0
39840.0
39854.0
39868.0
39882.0
39896.0
39910.0
39924.0
39938.0
39952.0
39966.0
39980.0
39994.0
40008.0
40022.0
40036.0
40050.0
40064.0
40078.0
40092.0
40106.0
40120.0
40134.0
40148.0
40162.0
40176.0
40190.0
40204.0
40218.0
40232.0
40246.0
40260.0
40274.0
40288.0
40302.0
40316.0
40330.0
40344.0
40358.0
40372.0
40386.0
40400.0
40414.0
40428.0
40442.0
40456.0
40470.0
40484.0
40498.0
40512.0
40526.0
40540.0
40554.0
40568.0
40582.0
40596.0
40610.0
40624.0
40638.0
40652.0
40666.0
40680.0
40694.0
40708.0
40722.0
40736.0
40750.0
40764.0
40778.0
40792.0
40806.0
40820.0
40834.0
40848.0
40862.0
40876.0
40890.0
40904.0
40918.0
40932.0
40946.0
40959.0
40972.0
40988.0
41002.0
41016.0
41030.0
41044.0
41058.0
41072.0
41086.0
41100.0
41114.0
41128.0
41142.0
41156.0
41170.0
41184.0
41198.0
41212.0
41226.0
41240.0
41254.0
41268.0
41282.0
41296.0
41310.0
41324.0
41338.0
41352.0
41366.0
41380.0
41394.0
41408.0
41422.0
41436.0
41450.0
41464.0
41478.0
41492.0
41506.0
41520.0
41534.0
41548.0
41562.0
41576.0
41590.0
41604.0
41618.0
41632.0
41646.0
41660.0
41674.0
41688.0
41702.0
41716.0
41730.0
41744.0
41758.0
41772.0
41786.0
41800.0
41814.0
41828.0
41842.0
41856.0
41870.0
41884.0
41898.0
41912.0
41926.0
41940.0
41954.0
41968.0
41982.0
41996.0
42010.0
42024.0
42038.0
42052.0
42066.0
42080.0
42094.0
42108.0
42122.0
42136.0
42150.0
42164.0
42178.0
42192.0
42206.0
42220.0
42234.0
42247.0
42262.0
42276.0
42290.0
42304.0
42318.0
42332.0
42346.0
42360.0
42374.0
42388.0
42402.0
42416.0
42430.0
42444.0
42458.0
42472.0
42486.0
42500.0
42514.0
42528.0
42542.0
42556.0
42570.0
42584.0
42598.0
42612.0
42626.0
42640.0
42654.0
42668.0
42682.0
42696.0
42710.0
42724.0
42738.0
42752.0
42766.0
42780.0
42794.0
42808.0
42821.0
42836.0
42850.0
42864.0
42878.0
42891.0
42906.0
42920.0
42934.0
42948.0
42962.0
42975.0
42989.0
43004.0
43018.0
43032.0
43046.0
43059.0
43072.0
43088.0
43102.0
43116.0
43130.0
43144.0
43158.0
43172.0
43186.0
43200.0
43214.0
43228.0
43242.0
43256.0
43270.0
43284.0
43297.0
43312.0
43326.0
43340.0
43354.0
43367.0
43382.0
43396.0
43410.0
43424.0
43438.0
43452.0
43466.0
43480.0
43494.0
43508.0
43521.0
43535.0
43550.0
43564.0
43578.0
43592.0
43606.0
43620.0
43634.0
43648.0
43662.0
43676.0
43690.0
43704.0
43718.0
43732.0
43746.0
43760.0
43774.0
43788.0
43802.0
43816.0
43830.0
43844.0
43858.0
43872.0
43886.0
43900.0
43914.0
43928.0
43942.0
43956.0
43970.0
43984.0
43997.0
44010.0
44023.0
44036.0
44049.0
44062.0
44075.0
44096.0
44110.0
44124.0
44138.0
44152.0
44166.0
44180.0
44194.0
44208.0
44222.0
44236.0
44250.0
44264.0
44278.0
44292.0
44306.0
44320.0
44334.0
44348.0
44362.0
44376.0
44390.0
44404.0
44418.0
44432.0
44446.0
44460.0
44474.0
44488.0
44502.0
44516.0
44530.0
44544.0
44558.0
44572.0
44586.0
44600.0
44614.0
44627.0
44642.0
44656.0
44670.0
44684.0
44697.0
44711.0
44726.0
44740.0
44754.0
44768.0
44781.0
44794.0
44807.0
44821.0
44838.0
44852.0
44866.0
44880.0
44894.0
44908.0
44922.0
44936.0
44950.0
44964.0
44978.0
44992.0
45006.0
45020.0
45034.0
45048.0
45062.0
45076.0
45090.0
45103.0
45116.0
45129.0
45142.0
45155.0
45169.0
45182.0
45195.0
45208.0
45221.0
45242.0
45258.0
45272.0
45286.0
45300.0
45314.0
45327.0
45342.0
45356.0
45370.0
45384.0
45398.0
45412.0
45426.0
45440.0
45454.0
45468.0
45482.0
45496.0
45510.0
45524.0
45538.0
45552.0
45566.0
45580.0
45594.0
45608.0
45622.0
45636.0
45650.0
45664.0
45678.0
45692.0
45706.0
45720.0
45734.0
45748.0
45762.0
45776.0
45790.0
45804.0
45818.0
45832.0
45846.0
45860.0
45874.0
45888.0
45902.0
45916.0
45930.0
45944.0
45958.0
45972.0
45986.0
46000.0
46014.0
46028.0
46042.0
46056.0
46070.0
46083.0
46097.0
46112.0
46125.0
46140.0
46154.0
46168.0
46182.0
46196.0
46210.0
46224.0
46238.0
46252.0
46266.0
46280.0
46294.0
46308.0
46322.0
46336.0
46350.0
46364.0
46378.0
46392.0
46406.0
46420.0
46434.0
46448.0
46462.0
46476.0
46490.0
46504.0
46518.0
46532.0
46546.0
46560.0
46574.0
46588.0
46602.0
46616.0
46630.0
46644.0
46658.0
46672.0
46686.0
46700.0
46714.0
46728.0
46742.0
46756.0
46770.0
46784.0
46798.0
46812.0
46826.0
46840.0
46854.0
46868.0
46882.0
46896.0
46910.0
46924.0
46938.0
46952.0
46966.0
46980.0
46994.0
47008.0
47022.0
47036.0
47050.0
47064.0
47078.0
47092.0
47106.0
47120.0
47134.0
47148.0
47162.0
47176.0
47190.0
47204.0
47218.0
47232.0
47246.0
47260.0
47274.0
47288.0
47302.0
47316.0
47330.0
47344.0
47357.0
47370.0
47386.0
47400.0
47414.0
47428.0
47442.0
47456.0
47470.0
47484.0
47498.0
47512.0
47526.0
47540.0
47554.0
47568.0
47582.0
47596.0
47610.0
47624.0
47638.0
47652.0
47666.0
47680.0
47694.0
47708.0
47722.0
47736.0
47750.0
47764.0
47778.0
47792.0
47806.0
47820.0
47834.0
47848.0
47862.0
47876.0
47890.0
47904.0
47918.0
47932.0
47946.0
47960.0
47974.0
47988.0
48002.0
48016.0
48030.0
48044.0
48058.0
48072.0
48086.0
48100.0
48114.0
48128.0
48142.0
48156.0
48170.0
48183.0
48196.0
48212.0
48226.0
48240.0
48254.0
48268.0
48281.0
48294.0
48307.0
48320.0
48338.0
48351.0
48364.0
48380.0
48394.0
48408.0
48422.0
48435.0
48450.0
48464.0
48478.0
48492.0
48506.0
48519.0
48534.0
48548.0
48562.0
48576.0
48590.0
48604.0
48618.0
48632.0
48645.0
48660.0
48674.0
48688.0
48701.0
48714.0
48727.0
48744.0
48758.0
48772.0
48786.0
48800.0
48814.0
48828.0
48842.0
48856.0
48870.0
48884.0
48898.0
48912.0
48926.0
48940.0
48954.0
48968.0
48982.0
48996.0
49010.0
49024.0
49038.0
49052.0
49066.0
49080.0
49094.0
49108.0
49122.0
49136.0
49150.0
49164.0
49178.0
49192.0
49206.0
49220.0
49234.0
49247.0
49262.0
49276.0
49290.0
49304.0
49317.0
49331.0
49346.0
49360.0
49374.0
49388.0
49402.0
49416.0
49430.0
49444.0
49458.0
49472.0
49486.0
49499.0
49514.0
49528.0
49542.0
49556.0
49570.0
49584.0
49598.0
49612.0
49626.0
49640.0
49654.0
49668.0
49682.0
49696.0
49710.0
49724.0
49738.0
49752.0
49766.0
49780.0
49794.0
49808.0
49822.0
49836.0
49850.0
49864.0
49878.0
49892.0
49906.0
49919.0
49932.0
49948.0
49962.0
49976.0
49990.0
50004.0
50017.0
50032.0
50046.0
50060.0
50074.0
50088.0
50102.0
50116.0
50130.0
50144.0
50158.0
50172.0
50186.0
50200.0
50214.0
50228.0
50242.0
50256.0
50270.0
50284.0
50298.0
50312.0
50326.0
50340.0
50354.0
50368.0
50382.0
50396.0
50410.0
50424.0
50438.0
50452.0
50466.0
50480.0
50494.0
50508.0
50522.0
50535.0
50550.0
50564.0
50578.0
50592.0
50606.0
50620.0
50634.0
50648.0
50662.0
50676.0
50690.0
50704.0
50718.0
50731.0
50745.0
50760.0
50774.0
50788.0
50802.0
50816.0
50830.0
50844.0
50858.0
50872.0
50886.0
50900.0
50914.0
50928.0
50942.0
50956.0
50970.0
50984.0
50997.0
51010.0
51026.0
51039.0
51054.0
