1484498212.0
-9.89
-9.89
-9.89
-9.85
-9.92
-9.89
-9.85
-9.89
-9.89
-9.85
-9.89
-9.81
-9.92
-9.85
-9.85
-9.89
-9.85
-9.89
-9.89
-9.89
-9.89
-9.85
-9.85
-9.92
-9.92
-9.89
-9.89
-9.89
-9.85
-9.85
-9.85
-9.81
-9.89
-9.92
-9.85
-9.81
-9.85
-9.89
-9.85
-9.85
-9.81
-9.89
-9.89
-9.89
-9.89
-9.89
-9.85
-9.92
-9.89
-9.85
-9.81
-9.81
-9.73
-9.89
-9.89
-9.85
-9.81
-9.92
-9.85
-9.85
-9.85
-9.85
-9.89
-9.85
-9.85
-9.73
-9.89
-9.89
-9.85
-9.89
-9.85
-9.92
-9.81
-9.85
-9.73
-9.89
-9.89
-9.85
-9.77
-9.85
-9.85
-9.81
-9.81
-9.81
-9.89
-9.73
-9.89
-9.85
-9.85
-9.69
-9.77
-9.92
-9.85
-9.89
-9.81
-9.69
-9.81
-9.69
-9.92
-9.89
-9.69
-9.69
-9.65
-9.73
-9.69
-9.65
-9.61
-9.65
-9.57
-9.69
-9.73
-9.65
-9.65
-9.61
-9.77
-9.81
-9.53
-9.49
-9.61
-9.61
-9.57
-9.69
-9.69
-9.61
-9.57
-9.49
-9.53
-9.57
-9.57
-9.53
-9.57
-9.45
-9.49
-9.57
-9.49
-9.61
-9.53
-9.49
-9.53
-9.57
-9.65
-9.65
-9.49
-9.57
-9.57
-9.53
-9.61
-9.57
-9.65
-9.49
-9.45
-9.65
-9.61
-9.61
-9.65
-9.61
-9.65
-9.65
-9.53
-9.61
-9.65
-9.69
-9.73
-9.69
-9.65
-9.77
-9.73
-9.53
-9.53
-9.61
-9.73
-9.49
-9.65
-9.89
-9.77
-9.77
-9.89
-9.69
-9.73
-9.77
-9.81
-9.81
-9.81
-9.89
-9.92
-9.89
-9.85
-10.04
-9.96
-9.92
-9.96
-9.85
-9.89
-9.73
-9.77
-9.85
-10.0
-10.04
-9.69
-9.69
-9.85
-10.16
-9.92
-9.53
-9.57
-9.61
-9.96
-9.85
-9.92
-9.69
-9.96
-9.96
-9.81
-9.81
-9.73
-9.69
-9.65
-9.65
-9.45
-9.26
-9.38
-9.49
-9.61
-9.53
-9.65
-9.38
-9.1
-9.34
-9.18
-8.32
-9.38
-10.63
-9.81
-9.73
-8.94
-9.41
-10.08
-10.08
-10.59
-10.87
-10.75
-10.2
-9.85
-9.81
-9.53
-9.57
-10.0
-10.0
-9.92
-9.73
-9.69
-9.96
-10.32
-10.51
-10.59
-10.0
-9.81
-9.85
-9.81
-9.89
-9.96
-9.96
-9.85
-9.89
-9.81
-9.96
-9.96
-9.81
-9.73
-9.92
-10.2
-10.12
-10.08
-10.16
-10.04
-9.96
-9.81
-9.69
-9.57
-9.53
-9.81
-9.89
-9.77
-9.57
-9.85
-10.08
-10.2
-10.71
-12.55
-13.69
-19.81
-20.01
-20.01
-20.01
-20.01
-20.01
-20.01
-20.01
-20.01
-19.38
-20.01
-20.01
-16.63
-14.24
-11.18
-7.77
-2.59
-0.04
2.79
6.71
8.39
10.24
10.71
11.85
12.43
12.79
12.28
11.02
8.24
7.3
4.12
2.28
0.43
-3.06
-4.9
-8.47
-9.81
-11.3
-11.49
-11.61
-10.67
-9.96
-9.65
-9.69
-9.85
-8.98
-7.61
-6.08
-5.61
-6.67
-7.06
-7.57
-7.49
-7.37
-8.0
-7.37
-7.65
-7.77
-7.73
-7.02
-7.37
-9.02
-8.83
-7.45
-6.59
-5.69
-5.1
-6.28
-9.77
-9.69
-7.77
-6.94
-6.24
-6.16
-7.1
-9.96
-11.1
-12.4
-12.51
-12.24
-11.96
-12.12
-12.12
-12.32
-12.28
-11.38
-11.45
-12.79
-13.53
-14.24
-13.93
-13.81
-13.61
-12.98
-11.02
-10.94
-12.0
-11.57
-11.02
-10.79
-10.87
-11.02
-10.67
-10.16
-9.96
-9.38
-9.22
-9.57
-9.61
-9.26
-9.45
-9.34
-9.14
-9.06
-9.34
-9.65
-9.77
-9.53
-9.53
-9.45
-9.49
-9.65
-9.81
-10.04
-9.96
-9.92
-9.77
-9.81
-9.61
-10.12
-10.0
-9.85
-9.85
-9.85
-9.69
-9.81
-9.81
-9.69
-9.69
-9.69
-9.53
-9.73
-9.89
-9.96
-9.85
-9.69
-9.61
-9.73
-9.96
-10.08
-10.04
-10.0
-9.89
-9.85
-9.73
-9.73
-9.65
-9.77
-9.89
-9.85
-9.69
-9.65
-9.53
-9.73
-10.08
-10.0
-9.81
-9.89
-10.04
-9.69
-9.57
-9.92
-10.08
-10.0
-9.92
-9.96
-9.85
-9.85
-9.96
-9.81
-9.89
-9.81
-9.77
-9.89
-9.92
-9.92
-9.96
-9.96
-10.08
-10.08
-10.04
-10.0
-10.04
-10.08
-10.12
-10.43
-10.59
-11.14
-11.73
-13.49
-15.38
-15.34
-15.57
-15.89
-19.42
-19.93
-20.01
-20.01
-20.01
-20.01
-20.01
-20.01
-20.01
-19.46
-18.91
-18.79
-16.2
-14.32
-10.9
-9.61
-6.79
-5.45
-3.14
1.84
4.51
7.3
9.41
11.69
12.08
11.34
12.43
13.02
12.71
11.85
7.92
5.84
3.96
-0.59
-2.9
-6.43
-8.55
-12.32
-14.16
-15.49
-17.14
-17.46
-16.91
-16.67
-16.36
-15.97
-15.57
-14.2
-13.57
-12.4
-11.41
-10.59
-9.69
-9.06
-8.12
-7.57
-7.1
-7.02
-7.18
-7.22
-7.53
-7.65
-7.85
-8.24
-8.16
-8.36
-8.67
-8.83
-9.14
-9.49
-9.53
-9.45
-9.3
-9.34
-8.9
-9.02
-9.18
-9.53
-9.65
-9.49
-9.45
-9.49
-9.26
-9.1
-8.98
-8.98
-8.94
-9.14
-9.1
-9.1
-9.02
-9.1
-9.02
-8.75
-8.87
-8.87
-8.83
-8.83
-8.83
-8.9
-8.98
-8.75
-8.79
-8.9
-8.94
-8.67
-8.67
-8.75
-9.26
-9.41
-9.45
-9.45
-9.41
-9.18
-9.18
-8.83
-8.79
-8.71
-8.55
-8.67
-8.9
-8.94
-9.02
-9.14
-8.94
-8.9
-8.98
-9.22
-9.22
-9.22
-9.3
-9.45
-9.49
-9.45
-9.53
-9.22
-9.38
-9.22
-9.02
-9.14
-9.22
-9.26
-9.14
-9.06
-9.02
-8.94
-8.79
-8.79
-8.9
-8.9
-8.9
-8.9
-9.06
-8.98
-9.1
-9.06
-8.98
-9.02
-8.98
-9.1
-8.98
-9.22
-9.02
-8.83
-8.79
-8.94
-9.06
-9.18
-9.18
-9.22
-9.26
-9.14
-9.1
-9.3
-9.22
-9.22
-9.06
-9.14
-9.22
-9.18
-9.02
-8.98
-9.18
-8.9
-8.87
-8.83
-8.75
-8.79
-8.94
-8.83
-8.83
-8.9
-9.06
-9.22
-9.26
-9.34
-9.22
-9.1
-9.02
-8.94
-8.94
-8.83
-8.94
-8.98
-9.1
-9.02
-8.94
-8.94
-8.98
-8.87
-8.83
-9.06
-9.1
-9.1
-9.18
-9.18
-9.34
-9.57
-9.92
