1484498185.0
-8.98
-9.06
-9.06
-9.14
-9.06
-8.98
-9.1
-9.1
-9.1
-9.02
-9.06
-9.1
-9.02
-9.1
-9.06
-9.02
-9.1
-9.02
-9.1
-9.1
-9.1
-9.1
-9.02
-9.02
-9.06
-9.06
-9.1
-9.1
-9.14
-9.06
-9.1
-9.1
-9.1
-9.1
-9.06
-9.06
-9.06
-9.02
-9.1
-9.1
-9.1
-9.06
-9.1
-9.06
-9.02
-9.02
-8.98
-9.18
-9.02
-8.94
-9.06
-8.98
-9.06
-9.18
-9.18
-9.18
-9.14
-9.1
-9.1
-9.02
-9.18
-9.1
-9.18
-9.06
-9.1
-9.1
-9.06
-9.14
-9.02
-9.06
-9.22
-9.22
-9.18
-9.22
-9.22
-9.14
-9.34
-9.14
-8.98
-9.14
-9.14
-9.14
-9.26
-9.26
-9.1
-9.22
-9.18
-9.34
-9.38
-9.34
-9.18
-9.14
-9.3
-9.3
-9.14
-9.1
-9.3
-9.34
-9.26
-9.49
-9.53
-9.3
-9.49
-9.14
-9.41
-9.61
-9.61
-9.49
-9.45
-9.57
-9.65
-9.96
-9.89
-9.81
-9.73
-9.53
-9.81
-9.77
-10.0
-9.73
-9.81
-9.96
-9.96
-10.08
-10.24
-10.28
-10.4
-10.24
-10.12
-9.96
-9.85
-9.65
-9.57
-9.41
-9.22
-9.22
-9.26
-9.18
-9.1
-9.06
-8.71
-8.47
-8.47
-8.2
-7.73
-7.85
-7.53
-8.39
-9.02
-11.34
-11.49
-8.36
-7.81
-10.59
-10.51
-9.77
-10.55
-10.4
-10.28
-11.22
-10.87
-9.57
-9.65
-9.45
-9.38
-9.3
-9.69
-9.69
-9.41
-9.57
-9.38
-9.49
-9.41
-9.18
-9.18
-9.22
-9.14
-9.14
-9.3
-9.1
-9.22
-9.26
-9.41
-9.18
-9.3
-9.22
-9.26
-9.22
-9.06
-9.14
-9.22
-9.22
-9.1
-9.18
-9.41
-9.02
-9.14
-9.1
-9.02
-9.06
-9.1
-8.98
-8.98
-9.38
-9.02
-9.26
-9.1
-9.22
-9.22
-9.34
-9.22
-9.26
-9.3
-9.06
-9.1
-9.14
-8.98
-8.98
-8.9
-8.98
-9.22
-9.02
-8.94
-9.1
-9.1
-9.06
-9.06
-8.94
-9.06
-9.22
-9.06
-9.1
-9.1
-9.02
-9.02
-8.94
-8.94
-9.06
-9.45
-9.45
-9.06
-9.1
-9.02
-9.02
-9.1
-9.14
-9.22
-9.14
-9.02
-9.06
-9.14
-9.02
-9.3
-9.18
-9.3
-9.22
-9.18
-9.14
-9.22
-9.18
-9.02
-9.02
-9.22
-9.22
-9.26
-9.26
-9.14
-9.26
-9.18
-9.26
-9.34
-9.53
-9.34
-9.41
-9.41
-9.14
-9.34
-9.45
-9.18
-9.45
-9.45
-9.45
-9.38
-9.3
-9.53
-9.53
-9.34
-9.22
-9.65
-9.57
-9.38
-9.34
-9.53
-9.45
-9.49
-9.77
-10.0
-10.04
-10.24
-10.71
-10.9
-10.67
-10.63
-10.43
-10.2
-9.81
-9.14
-8.67
-8.16
-8.04
-8.12
-8.43
-8.51
-8.51
-8.43
-8.59
-8.87
-8.98
-9.06
-9.18
-9.14
-9.22
-9.02
-9.41
-9.69
-9.81
-9.89
-9.89
-9.14
-9.14
-8.79
-8.51
-10.51
-9.77
-7.53
-6.28
-7.77
-15.26
-14.63
-9.3
-7.06
-10.94
-12.87
-8.16
-7.53
-8.43
-9.3
-9.38
-9.96
-10.28
-10.04
-8.9
-9.06
-9.18
-9.22
-9.34
-9.38
-9.41
-9.34
-9.57
-9.45
-9.38
-9.41
-9.22
-9.38
-9.1
-9.41
-8.98
-9.49
-9.38
-9.26
-9.22
-9.22
-9.22
-9.1
-9.45
-9.38
-9.26
-9.41
-9.26
-9.14
-8.9
-8.83
-9.57
-9.85
-9.53
-9.57
-9.41
-9.22
-9.14
-9.1
-9.22
-9.3
-9.34
-9.3
-9.38
-9.41
-9.22
-9.34
-9.18
-9.38
-9.26
-9.41
-9.38
-9.26
-9.3
-9.38
-9.18
-9.26
-9.38
-9.38
-9.3
-9.38
-9.38
-9.38
-9.34
-9.34
-9.34
-9.3
-9.41
-9.3
-9.26
-9.34
-9.41
-9.26
-9.34
-9.34
-9.26
-9.3
-9.26
-9.49
-9.38
-9.38
-9.38
-9.3
-9.34
-9.3
-9.34
-9.38
-9.34
-9.26
-9.38
-9.26
-9.34
-9.3
-9.3
-9.26
-9.34
-9.38
-9.41
-9.34
-9.34
-9.3
-9.22
-9.3
-9.38
-9.34
-9.22
-9.34
-9.34
-9.38
-9.38
-9.45
-9.26
-9.18
-9.26
-9.34
-9.26
-9.34
-9.38
-9.41
-9.3
-9.34
-9.22
-9.26
-9.22
-9.38
-9.3
-9.3
-9.18
-9.41
-9.22
-9.26
-9.26
-9.26
-9.34
-9.3
-9.22
-9.26
-9.38
-9.3
-9.3
-9.18
-9.3
-9.22
-9.34
-9.22
-9.22
-9.3
-9.38
-9.26
-9.3
-9.34
-9.22
-9.3
-9.3
-9.22
-9.22
-9.22
-9.26
-9.34
-9.3
-9.22
-9.26
-9.34
-9.3
-9.26
-9.22
-9.18
-9.34
-9.34
-9.3
-9.38
-9.34
-9.3
-9.3
-9.18
-9.14
-9.22
-9.34
-9.34
-9.3
-9.26
-9.26
-9.14
-9.26
-9.18
-9.18
-9.38
-9.38
-9.38
-9.26
-9.1
-9.14
-9.41
-9.38
-9.26
-9.3
-9.41
-9.34
-9.14
-9.22
-9.34
-9.3
-9.22
-9.3
-9.18
-9.3
-9.22
-9.06
-9.26
-9.3
-9.34
-9.22
-9.26
-9.45
-9.34
-9.3
-9.38
-9.26
-9.38
-9.34
-9.34
-9.06
-9.02
-9.38
-9.14
-9.22
-9.89
-9.61
-9.49
-9.57
-9.38
-9.18
-9.26
-9.38
-9.49
-9.65
-9.38
-9.22
-9.61
-9.41
-9.49
-9.3
-9.14
-9.53
-9.45
-9.57
-9.49
-9.49
-9.89
-9.89
-9.69
-9.61
-9.61
-9.73
-9.77
-10.12
-9.81
-9.81
-9.89
-9.69
-10.0
-10.2
-10.04
-10.16
-10.2
-9.73
-9.65
-9.81
-9.96
-10.0
-9.53
-9.65
-9.45
-9.41
-9.57
-9.73
-9.73
-9.34
-9.26
-9.26
-9.22
-9.06
-9.22
-9.22
-9.1
-8.98
-8.87
-8.71
-8.63
-8.0
-8.0
-7.65
-8.36
-9.14
-11.1
-9.69
-8.9
-10.43
-10.98
-10.32
-9.53
-9.85
-9.41
-9.26
-9.3
-9.26
-9.1
-9.65
-10.24
-10.87
-11.26
-10.75
-9.41
-9.26
-9.14
-9.06
-9.02
-9.34
-9.53
-9.41
-9.22
-9.3
-9.34
-9.3
-9.18
-9.06
-9.14
-9.3
-9.38
-9.34
-9.3
-9.18
-9.22
-9.38
-9.1
-9.34
-9.26
-9.18
-9.26
-9.26
-9.49
-9.38
-9.26
-9.18
-9.1
-9.14
-9.22
-9.34
-9.3
-9.1
-9.18
-9.18
-9.18
-9.1
-9.57
-9.38
-9.3
-9.22
-9.3
-9.22
-9.3
-9.22
-9.26
-9.38
-9.38
-9.34
-9.22
-9.34
-9.41
-9.34
-9.38
-9.34
-9.3
-9.26
-9.38
-9.3
-9.38
-9.45
-9.49
-9.34
-9.41
-9.3
-9.41
-9.49
-9.45
-9.45
-9.41
-9.38
-9.41
-9.38
-9.49
-9.38
-9.38
-9.41
-9.49
-9.38
-9.3
-9.41
-9.41
-9.38
-9.41
-9.41
-9.45
-9.45
-9.49
-9.41
-9.49
-9.41
-9.45
-9.49
-9.49
-9.49
-9.53
-9.57
-9.49
-9.41
-9.57
-9.49
-9.49
-9.49
-9.45
-9.45
-9.45
-9.49
-9.41
-9.49
-9.45
-9.41
-9.38
-9.53
-9.45
-9.49
-9.49
-9.53
-9.49
-9.53
-9.57
-9.57
-9.49
-9.49
-9.49
-9.49
-9.45
-9.45
-9.45
-9.49
-9.53
-9.53
-9.53
-9.34
-9.45
-9.45
-9.53
-9.49
-9.53
-9.49
-9.53
-9.45
-9.49
-9.53
-9.45
-9.49
-9.45
-9.45
-9.53
-9.49
-9.45
-9.53
-9.45
-9.53
-9.49
-9.45
-9.57
-9.49
-9.53
-9.45
-9.57
-9.49
-9.41
-9.49
-9.61
-9.45
-9.49
-9.65
-9.49
-9.49
-9.61
-9.53
-9.57
-9.53
-9.61
-9.45
-9.45
-9.61
-9.45
-9.45
-9.45
-9.53
-9.53
-9.53
-9.45
-9.53
-9.49
-9.49
-9.57
-9.57
-9.57
-9.53
-9.53
-9.49
-9.45
-9.45
-9.53
-9.53
-9.53
-9.53
-9.49
-9.45
-9.49
-9.53
-9.53
-9.53
-9.57
-9.53
-9.45
-9.53
-9.57
-9.53
-9.49
-9.53
-9.49
-9.53
-9.49
-9.45
-9.53
-9.49
-9.53
-9.53
-9.53
-9.53
-9.49
-9.49
-9.53
-9.45
-9.49
-9.53
-9.53
-9.53
-9.53
-9.57
-9.57
-9.49
-9.45
-9.49
-9.49
-9.53
-9.49
-9.49
-9.45
-9.61
-9.61
-9.53
-9.49
-9.49
-9.45
-9.53
-9.57
-9.53
-9.53
-9.45
-9.49
-9.49
-9.53
-9.49
-9.45
-9.53
-9.53
-9.53
-9.53
-9.53
-9.49
-9.53
-9.53
-9.53
-9.53
-9.57
-9.53
-9.53
-9.53
-9.53
-9.61
-9.57
-9.49
-9.53
-9.49
-9.53
-9.45
-9.53
-9.49
-9.53
-9.49
-9.49
-9.53
-9.57
-9.61
-9.53
-9.49
-9.53
-9.49
-9.49
-9.53
-9.53
-9.49
-9.45
-9.45
-9.49
-9.49
-9.53
-9.57
-9.53
-9.57
-9.49
-9.53
-9.49
-9.45
-9.45
-9.53
-9.53
-9.57
-9.49
-9.49
-9.57
-9.45
-9.57
-9.57
-9.45
-9.53
-9.49
-9.53
-9.53
-9.49
-9.49
-9.49
-9.41
-9.49
-9.53
-9.45
-9.49
-9.45
-9.53
-9.49
-9.53
-9.45
-9.49
-9.49
-9.49
-9.57
-9.53
-9.49
-9.45
-9.49
-9.49
-9.49
-9.45
-9.49
-9.45
-9.49
-9.45
-9.45
-9.49
-9.45
-9.49
-9.49
-9.41
-9.53
-9.45
-9.49
-9.53
-9.49
-9.45
-9.45
-9.45
-9.45
-9.49
-9.49
-9.49
-9.45
-9.53
-9.41
-9.53
-9.53
-9.49
-9.45
-9.45
-9.45
-9.53
-9.49
-9.57
-9.49
-9.53
-9.49
-9.49
-9.45
-9.49
-9.41
-9.53
-9.49
-9.57
-9.53
-9.45
-9.49
-9.49
-9.53
-9.49
-9.49
-9.49
-9.53
-9.53
-9.53
-9.53
-9.49
-9.45
-9.57
-9.49
-9.53
-9.57
-9.53
-9.45
-9.53
-9.49
-9.49
-9.49
-9.49
-9.53
-9.57
-9.49
-9.49
-9.49
-9.45
-9.49
-9.57
-9.45
-9.49
-9.53
-9.53
-9.57
-9.53
-9.49
-9.49
-9.57
-9.57
-9.49
-9.49
-9.49
-9.49
-9.49
-9.49
-9.53
-9.45
-9.49
-9.45
-9.53
-9.57
-9.49
-9.49
-9.53
-9.53
-9.53
-9.45
-9.53
-9.49
-9.49
-9.49
-9.45
-9.49
-9.49
-9.57
-9.49
-9.45
-9.57
-9.53
-9.53
-9.53
-9.57
-9.53
-9.53
-9.61
-9.49
-9.49
-9.49
-9.53
-9.49
-9.49
-9.49
-9.53
-9.49
-9.45
-9.49
-9.53
-9.57
-9.49
-9.49
-9.53
-9.57
-9.49
-9.49
-9.45
-9.45
-9.45
-9.49
-9.53
-9.45
-9.57
-9.53
-9.49
-9.45
-9.53
-9.49
-9.45
-9.45
-9.53
-9.53
-9.49
-9.49
-9.49
-9.49
-9.53
-9.45
-9.53
-9.53
-9.49
-9.45
-9.53
-9.53
-9.49
-9.53
-9.49
-9.49
-9.57
-9.45
-9.57
-9.57
-9.45
-9.45
-9.49
-9.41
-9.49
-9.53
-9.49
-9.45
-9.49
-9.53
-9.53
-9.61
-9.45
-9.49
-9.41
-9.53
-9.49
-9.49
-9.53
-9.53
-9.49
-9.49
-9.38
-9.49
-9.49
-9.49
-9.45
-9.53
-9.57
-9.49
-9.49
-9.57
-9.53
-9.53
-9.53
-9.53
-9.61
-9.53
-9.53
-9.53
-9.49
-9.49
-9.57
-9.49
-9.49
-9.49
-9.49
-9.45
-9.49
-9.45
-9.53
-9.57
-9.49
-9.45
-9.53
-9.45
-9.49
-9.41
-9.49
-9.53
-9.49
-9.49
-9.57
-9.53
-9.49
-9.49
-9.45
-9.57
-9.49
-9.53
-9.53
-9.49
-9.45
-9.49
-9.53
-9.49
-9.57
-9.49
-9.45
-9.49
-9.45
-9.49
-9.49
-9.49
-9.49
-9.49
-9.49
-9.45
-9.49
-9.49
-9.53
-9.53
-9.49
-9.57
-9.49
-9.38
-9.49
-9.49
-9.45
-9.45
-9.49
-9.53
-9.53
-9.49
-9.53
-9.49
-9.53
-9.53
-9.45
-9.57
-9.49
-9.49
-9.49
-9.45
-9.41
-9.53
-9.45
-9.41
-9.49
-9.53
-9.49
-9.49
-9.53
-9.49
-9.61
-9.53
-9.45
-9.45
-9.53
-9.45
-9.53
-9.49
-9.53
-9.45
-9.49
-9.45
-9.49
-9.49
-9.45
-9.53
-9.49
-9.53
-9.49
-9.45
-9.45
-9.53
-9.49
-9.49
-9.49
-9.53
-9.45
-9.45
-9.53
-9.53
-9.45
-9.53
-9.53
-9.53
-9.41
-9.53
-9.45
-9.57
-9.49
-9.53
-9.53
-9.45
-9.45
-9.49
-9.53
-9.49
-9.45
-9.57
-9.49
-9.41
-9.49
-9.53
-9.57
-9.53
-9.53
-9.53
-9.45
-9.45
-9.49
-9.41
-9.53
-9.57
-9.41
-9.49
-9.53
-9.45
-9.49
-9.41
-9.49
-9.53
-9.53
-9.45
-9.45
-9.38
-9.49
-9.53
-9.41
-9.53
-9.61
-9.57
-9.49
-9.49
-9.49
-9.49
-9.41
-9.49
-9.49
-9.53
-9.41
-9.45
-9.34
-9.53
-9.45
-9.41
-9.45
-9.49
-9.41
-9.45
-9.45
-9.41
-9.45
-9.45
-9.49
-9.49
-9.53
-9.41
-9.45
-9.41
-9.49
-9.41
-9.49
-9.41
-9.45
-9.49
-9.49
-9.45
-9.49
-9.53
-9.49
-9.45
-9.45
-9.45
-9.45
-9.41
-9.45
-9.41
-9.45
-9.45
-9.45
-9.41
-9.49
-9.49
-9.45
-9.45
-9.45
-9.41
-9.45
-9.45
-9.49
-9.45
-9.41
-9.49
-9.45
-9.45
-9.41
-9.53
-9.45
-9.45
-9.53
-9.45
-9.45
-9.45
-9.41
-9.45
-9.45
-9.49
-9.45
-9.45
-9.45
-9.49
-9.49
-9.49
-9.45
-9.49
-9.41
-9.53
-9.45
-9.41
-9.45
-9.38
-9.45
-9.45
-9.49
-9.41
-9.53
-9.49
-9.45
-9.41
-9.57
-9.57
-9.45
-9.41
-9.41
-9.49
-9.49
-9.45
-9.49
-9.45
-9.53
-9.41
-9.38
-9.49
-9.38
-9.45
-9.49
-9.49
-9.53
-9.49
-9.41
-9.41
-9.41
-9.57
-9.41
-9.45
-9.41
-9.45
-9.38
-9.45
-9.45
-9.49
-9.45
-9.45
-9.38
-9.38
-9.38
-9.34
-9.38
-9.49
-9.49
-9.41
-9.49
-9.45
-9.41
-9.45
-9.45
-9.41
-9.49
-9.41
-9.41
-9.49
-9.41
-9.45
-9.41
-9.45
-9.41
-9.41
-9.49
-9.41
-9.49
-9.38
-9.38
-9.49
-9.41
-9.45
-9.41
-9.49
-9.45
-9.49
-9.49
-9.49
-9.41
-9.45
-9.45
-9.45
-9.49
-9.45
-9.41
-9.45
-9.45
-9.49
-9.49
-9.49
-9.49
-9.49
-9.45
-9.45
-9.45
-9.45
-9.45
-9.53
-9.61
-9.53
-9.61
-9.53
-9.49
-9.45
-9.45
-9.49
-9.45
-9.49
-9.49
-9.53
-9.53
-9.57
-9.41
-9.49
-9.53
-9.45
-9.49
-9.45
-9.45
-9.53
-9.49
-9.57
-9.49
-9.49
-9.49
-9.45
-9.49
-9.53
-9.49
-9.45
-9.41
-9.41
-9.57
-9.49
-9.49
-9.45
-9.49
-9.53
-9.49
-9.49
-9.53
-9.49
-9.49
-9.45
-9.53
-9.49
-9.53
-9.45
-9.41
-9.49
-9.53
-9.49
-9.53
-9.53
-9.49
-9.57
-9.49
-9.53
-9.45
-9.49
-9.49
-9.45
-9.49
-9.53
-9.45
-9.49
-9.53
-9.45
-9.49
-9.53
-9.45
-9.45
-9.49
-9.49
-9.45
-9.49
-9.57
-9.45
-9.45
-9.45
-9.49
-9.49
-9.45
-9.41
-9.53
-9.53
-9.49
-9.45
-9.49
-9.45
-9.45
-9.49
-9.49
-9.53
-9.49
-9.49
-9.45
-9.49
-9.53
-9.53
-9.53
-9.49
-9.49
-9.53
-9.57
-9.45
-9.53
-9.45
-9.45
-9.45
-9.45
-9.49
-9.45
-9.49
-9.53
-9.49
-9.49
-9.41
-9.49
-9.45
-9.49
-9.49
-9.45
-9.49
-9.45
-9.45
-9.53
-9.57
-9.41
-9.49
-9.45
-9.53
-9.53
-9.45
-9.49
-9.49
-9.45
-9.45
-9.49
-9.41
-9.49
-9.57
-9.49
-9.49
-9.53
-9.53
-9.45
-9.45
-9.45
-9.49
-9.49
-9.49
-9.49
-9.53
-9.49
-9.53
-9.45
-9.49
-9.49
-9.49
-9.45
-9.49
-9.49
-9.49
-9.49
-9.49
-9.53
-9.53
-9.49
-9.45
-9.45
-9.49
-9.41
-9.53
-9.49
-9.53
-9.49
-9.49
-9.49
-9.45
-9.49
-9.45
-9.49
-9.45
-9.53
-9.49
-9.53
-9.49
-9.49
-9.49
-9.49
-9.49
-9.41
-9.45
-9.49
-9.49
-9.57
-9.49
-9.49
-9.49
-9.53
-9.45
-9.45
-9.53
-9.45
-9.49
-9.49
-9.49
-9.49
-9.45
-9.57
-9.53
-9.45
-9.49
-9.57
-9.45
-9.53
-9.53
-9.57
-9.49
-9.49
-9.49
-9.53
-9.45
-9.49
-9.49
-9.45
-9.45
-9.45
-9.49
-9.45
-9.49
-9.45
-9.49
-9.49
-9.49
-9.45
-9.45
-9.49
-9.45
-9.45
-9.49
-9.45
-9.49
-9.53
-9.57
-9.49
-9.45
-9.45
-9.53
-9.49
-9.53
-9.34
-9.49
-9.49
-9.49
-9.41
-9.53
-9.41
-9.49
-9.45
-9.49
-9.49
-9.49
-9.53
-9.49
-9.45
-9.49
-9.45
-9.57
-9.45
-9.49
-9.41
-9.49
-9.45
-9.49
-9.45
-9.57
-9.49
-9.53
-9.49
-9.49
-9.45
-9.45
-9.45
-9.41
-9.49
-9.45
-9.49
-9.49
-9.41
-9.53
-9.45
-9.45
-9.49
-9.53
-9.53
-9.49
-9.49
-9.45
-9.45
-9.53
-9.45
-9.49
-9.49
-9.57
-9.45
-9.53
-9.41
-9.53
-9.45
-9.45
-9.45
-9.41
-9.49
-9.49
-9.45
-9.45
-9.45
-9.49
-9.45
-9.49
-9.38
-9.65
-9.41
-9.49
-9.49
-9.41
-9.53
-9.41
-9.49
-9.45
-9.49
-9.45
-9.45
-9.45
-9.49
-9.49
-9.41
-9.45
-9.49
-9.49
-9.49
-9.41
-9.45
-9.45
-9.49
-9.49
-9.49
-9.38
-9.45
-9.45
-9.49
-9.53
-9.49
-9.49
-9.41
-9.49
-9.49
-9.41
-9.45
-9.49
-9.53
-9.41
-9.49
-9.41
-9.45
-9.45
-9.41
-9.41
-9.41
-9.57
-9.41
-9.38
-9.65
-9.38
-9.49
-9.38
-9.45
-9.53
-9.38
-9.57
-9.41
-9.57
-9.53
-9.53
-9.57
-9.41
-9.34
-9.49
-9.49
-9.49
-9.38
-9.45
-9.45
-9.49
-9.53
-9.41
-9.41
-9.45
-9.53
-9.45
-9.53
-9.49
-9.49
-9.49
-9.53
-9.49
-9.57
-9.57
-9.61
-9.61
-9.53
-9.53
-9.45
-9.53
-9.61
-9.53
-9.53
-9.65
-9.73
-9.65
-9.57
-9.53
-9.65
-9.65
-9.65
-9.61
-9.73
-9.73
-9.89
-9.85
-9.89
-9.81
-9.81
-9.81
-9.57
-9.57
-9.85
-9.85
-9.77
-9.69
-9.65
-9.69
-9.69
-9.73
-9.61
-9.45
-9.53
-9.57
-9.41
-9.3
-9.26
-9.18
-9.1
-9.18
-9.3
-9.22
-9.3
-9.3
-9.06
-8.83
-8.87
-8.9
-9.14
-9.18
-9.26
-9.26
-9.3
-9.61
-9.77
-9.81
-9.89
-9.61
-9.53
-9.61
-9.57
-9.49
-9.57
-9.69
-9.57
-9.3
-9.49
-9.77
-9.57
-9.65
-9.02
-9.22
-9.1
-8.79
-9.06
-9.92
-9.89
-9.57
-9.49
-9.49
-9.77
-9.77
-9.49
-9.41
-9.26
-9.22
-9.22
-9.57
-9.26
-8.94
-9.34
-9.3
-9.1
-9.1
-9.3
-9.26
-9.53
-9.18
-9.22
-9.3
-9.06
-8.94
-8.98
-9.06
-9.1
-9.22
-9.18
-8.87
-8.98
-9.26
-9.18
-9.18
-9.18
-9.14
-9.06
-9.1
-9.14
-9.14
-9.1
-9.14
-9.02
-9.02
-9.38
-9.26
-8.98
-9.14
-9.14
-9.1
-9.14
-9.22
-9.14
-9.02
-9.02
-8.79
-9.34
-9.45
-8.98
-8.98
-8.98
-8.83
-8.63
-9.65
-9.61
-9.3
-9.1
-8.87
-8.9
-8.9
-8.94
-9.45
-9.49
-9.02
-9.1
-9.06
-8.94
-9.22
-9.22
-9.49
-9.22
-9.14
-8.94
-8.9
-9.06
-9.1
-9.14
-9.22
-9.26
-9.14
-9.1
-9.1
-9.22
-9.38
-9.1
-9.22
-9.38
-9.06
-9.26
-9.14
-9.1
-9.14
-9.18
-9.41
-8.87
-9.18
-8.87
-8.98
-9.18
-9.38
-9.14
-9.1
-8.75
-8.94
-8.36
-8.51
-9.69
-9.41
-9.26
-9.02
-9.1
-10.0
-9.06
-8.47
-8.08
-8.9
-8.9
-8.51
-8.67
-8.98
-9.26
-9.96
-10.2
-10.87
-11.14
-9.02
-9.02
-7.88
-8.87
-7.96
-8.75
-8.55
-7.45
-6.98
-7.65
-8.47
-8.51
-9.57
-9.65
-9.57
-10.94
-10.32
-9.06
-8.79
-9.18
-8.59
-8.32
-8.36
-8.94
-8.9
-9.41
-8.08
-8.75
-8.43
-9.85
-10.32
-9.14
-8.55
-7.96
-8.12
-8.98
-8.9
-10.79
-9.57
-8.16
-7.77
-8.32
-9.73
-9.81
-10.0
-9.34
-7.81
-7.41
-8.79
-9.38
-9.45
-9.3
-8.43
-6.94
-10.2
-9.49
-11.53
-10.71
-9.89
-8.36
-8.0
-7.73
-8.2
-9.73
-9.49
-9.61
-9.1
-8.59
-8.55
-8.94
-9.06
-9.22
-9.92
-9.22
-8.04
-7.85
-8.63
-9.1
-8.55
-8.36
-8.59
-9.85
-9.85
-9.61
-8.67
-8.43
-8.32
-8.43
-9.18
-9.45
-9.38
-8.98
-8.9
-8.71
-8.98
-9.22
-9.1
-8.9
-8.94
-8.71
-8.83
-8.87
-8.94
-9.18
-9.1
-9.41
-8.98
-8.87
-8.75
-9.26
-9.18
-9.02
-8.9
-9.22
-8.94
-8.9
-9.06
-8.98
-8.83
-8.79
-8.94
-9.06
-9.22
-9.14
-9.1
-8.94
-8.9
-8.94
-8.98
-9.41
-9.02
-9.06
-8.98
-8.94
-8.83
-8.9
-8.9
-8.98
-9.1
-9.49
-8.94
-8.98
-8.9
-9.02
-9.34
-9.06
-9.06
-8.98
-9.14
-9.02
-9.1
-8.98
-8.87
-9.57
-8.98
-9.1
-9.06
-8.75
-9.34
-9.26
-9.06
-9.1
-8.83
-9.18
-9.02
-8.98
-8.98
-9.02
-9.18
-9.02
-9.1
-8.9
-9.22
-9.34
-9.02
-9.3
-9.1
-9.02
-9.18
-8.9
-9.3
-9.02
-8.67
-8.24
-8.87
-8.16
-7.92
-9.77
-9.69
-11.18
-8.39
-9.14
-8.51
-8.79
-9.1
-8.71
-8.32
-8.59
-9.34
-9.22
-9.18
-8.98
-9.18
-9.77
-10.63
-10.2
-9.81
-8.47
-8.08
-8.59
-8.12
-8.63
-8.51
-7.88
-7.73
-8.2
-8.75
-8.43
-9.18
-10.83
-10.55
-10.47
-9.06
-9.26
-9.3
-9.49
-9.22
-9.49
-9.73
-8.67
-9.02
-9.81
-9.3
-9.41
-8.75
-8.71
-7.96
-6.55
-7.34
-9.53
-9.85
-9.53
-9.18
-9.22
-9.34
-9.22
-8.28
-8.71
-8.59
-7.96
-8.75
-9.02
-8.59
-8.59
-9.34
-9.14
-8.12
-8.04
-9.1
-9.02
-9.22
-8.98
-9.57
-10.0
-8.83
-8.55
-9.26
-9.1
-8.75
-8.36
-8.87
-9.45
-9.34
-9.3
-8.24
-8.28
-7.88
-8.16
-8.55
-9.06
-8.94
-8.59
-8.47
-8.47
-8.2
-9.1
-9.96
-10.2
-10.67
-10.63
-10.55
-9.69
-8.67
-8.51
-8.32
-7.37
-8.75
-8.75
-9.14
-8.51
-9.18
-8.94
-8.28
-8.71
-8.98
-8.94
-9.18
-8.98
-9.85
-9.85
-9.3
-9.02
-9.22
-9.34
-9.57
-9.18
-8.55
-8.55
-8.71
-8.43
-8.63
-9.1
-9.34
-9.49
-9.1
-8.98
-8.87
-8.63
-8.43
-8.75
-8.87
-8.94
-9.26
-9.69
-9.65
-9.41
-9.22
-9.14
-9.3
-9.53
-9.14
-9.02
-9.02
-8.47
-8.71
-8.36
-8.59
-8.47
-8.36
-9.06
-8.71
-8.71
-8.94
-9.49
-9.34
-9.1
-9.22
-9.38
-9.53
-9.18
-9.41
-9.18
-9.38
-8.83
-8.71
-8.12
-8.12
-8.71
-8.67
-8.87
-9.14
-8.59
-9.14
-9.1
-8.83
-9.73
-8.98
-9.26
-9.18
-9.06
-9.22
-8.9
-8.51
-8.47
-8.87
-9.85
-9.22
-8.79
-8.71
-8.47
-8.9
-8.79
-8.79
-8.98
-9.06
-8.51
-8.55
-8.98
-8.83
-8.94
-9.3
-9.22
-9.69
-8.83
-10.36
-9.73
-9.3
-9.18
-8.75
-9.02
-9.1
-9.02
-8.67
-9.14
-8.47
-8.12
-8.71
-8.83
-8.59
-9.18
-8.08
-9.45
-9.3
-10.08
-9.26
-9.18
-8.24
-8.67
-8.67
-9.06
-8.87
-9.45
-8.98
-8.83
-9.22
-8.94
-8.75
-8.79
-8.51
-9.14
-9.41
-8.87
-8.94
-9.22
-8.75
-8.94
-8.79
-8.9
-9.14
-9.65
-9.3
-10.0
-9.49
-9.45
-9.38
-9.1
-8.9
-9.53
-8.63
-8.9
-8.83
-9.06
-9.06
-9.14
-8.9
-8.83
-9.02
-8.67
-8.75
-8.87
-8.9
-9.14
-9.22
-9.22
-9.22
-9.22
-8.94
-8.9
-8.9
-9.22
-9.1
-9.02
-8.9
-8.71
-9.06
-9.22
-8.83
-8.75
-8.79
-8.47
-8.94
-8.83
-8.98
-9.45
-9.85
-9.22
-9.22
-9.22
-8.67
-8.94
-9.14
-8.94
-9.18
-9.18
-9.26
-9.18
-8.98
-8.79
-8.98
-8.75
-9.06
-8.98
-9.06
-9.14
-9.26
-9.02
-9.14
-9.26
-8.83
-8.79
-8.83
-9.38
-9.18
-9.3
